***********************************************************
ElemType = 
8,5,12,1,2;


***********************************************************
Material = 
1,8.31E+10,8.31E+10,0.33,0.33,3.06E+10,2.56E+10,2.56E+10,-1.23E-10,-1.23E-10,0.00,1.00E-03,0.00E+00,0.00E+00,1.151000E-08,0.00E+00,0.00E+00,1.20E-06,1.20E-06,0.00E+00,0.00E+00,2.10E+00,7.60E+03,-2.10E-02,-2.000000e-02;
2,2,2.20E+11,2.20E+11,0.28,0.28,0.00E+00,0.00E+00,0.00E+00,0.00E+00,0.00E+00,0.00,0.00E+00,0.00E+00,0.00E+00,0.000000E+00,0.00E+00,0.00E+00,1.30E-05,1.30E-05,0.00E+00,0.00E+00,1.20E+01,7.59E+03,-2.00E-02,-1.600000e-02;
0,3,2.33E+11,2.33E+11,0.28,0.28,0.00E+00,0.00E+00,0.00E+00,0.00E+00,0.00E+00,0.00,0.00E+00,0.00E+00,0.00E+00,0.000000E+00,0.00E+00,0.00E+00,1.24E-05,1.24E-05,0.00E+00,0.00E+00,1.18E+01,7.01E+03,-1.60E-02,-1.200000e-02;
0,4,2.45E+11,2.45E+11,0.28,0.28,0.00E+00,0.00E+00,0.00E+00,0.00E+00,0.00E+00,0.00,0.00E+00,0.00E+00,0.00E+00,0.000000E+00,0.00E+00,0.00E+00,1.18E-05,1.18E-05,0.00E+00,0.00E+00,1.15E+01,6.43E+03,-1.20E-02,-8.000000e-03;
0,5,2.57E+11,2.57E+11,0.28,0.28,0.00E+00,0.00E+00,0.00E+00,0.00E+00,0.00E+00,0.00,0.00E+00,0.00E+00,0.00E+00,0.000000E+00,0.00E+00,0.00E+00,1.12E-05,1.12E-05,0.00E+00,0.00E+00,1.12E+01,5.85E+03,-8.00E-03,-4.000000e-03;
0,6,2.69E+11,2.69E+11,0.28,0.28,0.00E+00,0.00E+00,0.00E+00,0.00E+00,0.00E+00,0.00,0.00E+00,0.00E+00,0.00E+00,0.000000E+00,0.00E+00,0.00E+00,1.06E-05,1.06E-05,0.00E+00,0.00E+00,1.09E+01,5.27E+03,-4.00E-03,0;
0,7,2.81E+11,2.81E+11,0.28,0.28,0.00E+00,0.00E+00,0.00E+00,0.00E+00,0.00E+00,0.00,0.00E+00,0.00E+00,0.00E+00,0.000000E+00,0.00E+00,0.00E+00,9.97E-06,9.97E-06,0.00E+00,0.00E+00,1.06E+01,4.69E+03,0.00E+00,4.000000e-03;
0,8,2.92E+11,2.92E+11,0.28,0.28,0.00E+00,0.00E+00,0.00E+00,0.00E+00,0.00E+00,0.00,0.00E+00,0.00E+00,0.00E+00,0.000000E+00,0.00E+00,0.00E+00,9.34E-06,9.34E-06,0.00E+00,0.00E+00,1.03E+01,4.11E+03,4.00E-03,8.000000e-03;
0,9,3.03E+11,3.03E+11,0.28,0.28,0.00E+00,0.00E+00,0.00E+00,0.00E+00,0.00E+00,0.00,0.00E+00,0.00E+00,0.00E+00,0.000000E+00,0.00E+00,0.00E+00,8.69E-06,8.69E-06,0.00E+00,0.00E+00,1.01E+01,3.53E+03,8.00E-03,1.200000e-02;
0,10,3.13E+11,3.13E+11,0.28,0.28,0.00E+00,0.00E+00,0.00E+00,0.00E+00,0.00E+00,0.00,0.00E+00,0.00E+00,0.00E+00,0.000000E+00,0.00E+00,0.00E+00,8.03E-06,8.03E-06,0.00E+00,0.00E+00,9.76E+00,2.95E+03,1.20E-02,1.600000e-02;
0,11,3.24E+11,3.24E+11,0.28,0.28,0.00E+00,0.00E+00,0.00E+00,0.00E+00,0.00E+00,0.00,0.00E+00,0.00E+00,0.00E+00,0.000000E+00,0.00E+00,0.00E+00,7.37E-06,7.37E-06,0.00E+00,0.00E+00,9.19E+00,2.37E+03,1.60E-02,2.000000e-02;
0,12,8.31E+10,8.31E+10,0.33,0.33,3.06E+10,2.56E+10,2.56E+10,-1.23E-10,-1.23E-10,0.00,1.00E-03,0.00E+00,0.00E+00,1.151000E-08,0.00E+00,0.00E+00,1.20E-06,1.20E-06,0.00E+00,0.00E+00,2.10E+00,7.60E+03,2.00E-02,2.100000e-02;
2,

***********************************************************
Element = 
1,33,35,3,22,34,23,2,1,1,1,1,1,1,1,1,1,1;
1,1,0,0,0,0,0,0,0,0,3,35,37,5,23,36,24,4,1,1,1,1,1,1,1,1,1,1;
1,1,0,0,0,0,0,0,0,0,5,37,39,7,24,38,25,6,1,1,1,1,1,1,1,1,1,1;
1,1,0,0,0,0,0,0,0,0,7,39,41,9,25,40,26,8,1,1,1,1,1,1,1,1,1,1;
1,1,0,0,0,0,0,0,0,0,9,41,43,11,26,42,27,10,1,1,1,1,1,1,1,1,1,1;
1,1,0,0,0,0,0,0,0,0,11,43,45,13,27,44,28,12,1,1,1,1,1,1,1,1,1,1;
1,1,0,0,0,0,0,0,0,0,13,45,47,15,28,46,29,14,1,1,1,1,1,1,1,1,1,1;
1,1,0,0,0,0,0,0,0,0,15,47,49,17,29,48,30,16,1,1,1,1,1,1,1,1,1,1;
1,1,0,0,0,0,0,0,0,0,17,49,51,19,30,50,31,18,1,1,1,1,1,1,1,1,1,1;
1,1,0,0,0,0,0,0,0,0,19,51,53,21,31,52,32,20,1,1,1,1,1,1,1,1,1,1;
1,1,0,0,0,0,0,0,0,0,33,65,67,35,54,66,55,34,1,1,1,1,1,1,1,1,1,1;
1,1,0,0,0,0,0,0,0,0,35,67,69,37,55,68,56,36,1,1,1,1,1,1,1,1,1,1;
1,1,0,0,0,0,0,0,0,0,37,69,71,39,56,70,57,38,1,1,1,1,1,1,1,1,1,1;
1,1,0,0,0,0,0,0,0,0,39,71,73,41,57,72,58,40,1,1,1,1,1,1,1,1,1,1;
1,1,0,0,0,0,0,0,0,0,41,73,75,43,58,74,59,42,1,1,1,1,1,1,1,1,1,1;
1,1,0,0,0,0,0,0,0,0,43,75,77,45,59,76,60,44,1,1,1,1,1,1,1,1,1,1;
1,1,0,0,0,0,0,0,0,0,45,77,79,47,60,78,61,46,1,1,1,1,1,1,1,1,1,1;
1,1,0,0,0,0,0,0,0,0,47,79,81,49,61,80,62,48,1,1,1,1,1,1,1,1,1,1;
1,1,0,0,0,0,0,0,0,0,49,81,83,51,62,82,63,50,1,1,1,1,1,1,1,1,1,1;
1,1,0,0,0,0,0,0,0,0,51,83,85,53,63,84,64,52,1,1,1,1,1,1,1,1,1,1;
1,1,0,0,0,0,0,0,0,0,65,97,99,67,86,98,87,66,1,1,1,1,1,1,1,1,1,1;
1,1,0,0,0,0,0,0,0,0,67,99,101,69,87,100,88,68,1,1,1,1,1,1,1,1,1,1;
1,1,0,0,0,0,0,0,0,0,69,101,103,71,88,102,89,70,1,1,1,1,1,1,1,1,1,1;
1,1,0,0,0,0,0,0,0,0,71,103,105,73,89,104,90,72,1,1,1,1,1,1,1,1,1,1;
1,1,0,0,0,0,0,0,0,0,73,105,107,75,90,106,91,74,1,1,1,1,1,1,1,1,1,1;
1,1,0,0,0,0,0,0,0,0,75,107,109,77,91,108,92,76,1,1,1,1,1,1,1,1,1,1;
1,1,0,0,0,0,0,0,0,0,77,109,111,79,92,110,93,78,1,1,1,1,1,1,1,1,1,1;
1,1,0,0,0,0,0,0,0,0,79,111,113,81,93,112,94,80,1,1,1,1,1,1,1,1,1,1;
1,1,0,0,0,0,0,0,0,0,81,113,115,83,94,114,95,82,1,1,1,1,1,1,1,1,1,1;
1,1,0,0,0,0,0,0,0,0,83,115,117,85,95,116,96,84,1,1,1,1,1,1,1,1,1,1;
1,1,0,0,0,0,0,0,0,0,97,129,131,99,118,130,119,98,1,1,1,1,1,1,1,1,1,1;
1,1,0,0,0,0,0,0,0,0,99,131,133,101,119,132,120,100,1,1,1,1,1,1,1,1,1,1;
1,1,0,0,0,0,0,0,0,0,101,133,135,103,120,134,121,102,1,1,1,1,1,1,1,1,1,1;
1,1,0,0,0,0,0,0,0,0,103,135,137,105,121,136,122,104,1,1,1,1,1,1,1,1,1,1;
1,1,0,0,0,0,0,0,0,0,105,137,139,107,122,138,123,106,1,1,1,1,1,1,1,1,1,1;
1,1,0,0,0,0,0,0,0,0,107,139,141,109,123,140,124,108,1,1,1,1,1,1,1,1,1,1;
1,1,0,0,0,0,0,0,0,0,109,141,143,111,124,142,125,110,1,1,1,1,1,1,1,1,1,1;
1,1,0,0,0,0,0,0,0,0,111,143,145,113,125,144,126,112,1,1,1,1,1,1,1,1,1,1;
1,1,0,0,0,0,0,0,0,0,113,145,147,115,126,146,127,114,1,1,1,1,1,1,1,1,1,1;
1,1,0,0,0,0,0,0,0,0,115,147,149,117,127,148,128,116,1,1,1,1,1,1,1,1,1,1;
1,1,0,0,0,0,0,0,0,0,129,161,163,131,150,162,151,130,1,1,1,1,1,1,1,1,1,1;
1,1,0,0,0,0,0,0,0,0,131,163,165,133,151,164,152,132,1,1,1,1,1,1,1,1,1,1;
1,1,0,0,0,0,0,0,0,0,133,165,167,135,152,166,153,134,1,1,1,1,1,1,1,1,1,1;
1,1,0,0,0,0,0,0,0,0,135,167,169,137,153,168,154,136,1,1,1,1,1,1,1,1,1,1;
1,1,0,0,0,0,0,0,0,0,137,169,171,139,154,170,155,138,1,1,1,1,1,1,1,1,1,1;
1,1,0,0,0,0,0,0,0,0,139,171,173,141,155,172,156,140,1,1,1,1,1,1,1,1,1,1;
1,1,0,0,0,0,0,0,0,0,141,173,175,143,156,174,157,142,1,1,1,1,1,1,1,1,1,1;
1,1,0,0,0,0,0,0,0,0,143,175,177,145,157,176,158,144,1,1,1,1,1,1,1,1,1,1;
1,1,0,0,0,0,0,0,0,0,145,177,179,147,158,178,159,146,1,1,1,1,1,1,1,1,1,1;
1,1,0,0,0,0,0,0,0,0,147,179,181,149,159,180,160,148,1,1,1,1,1,1,1,1,1,1;
1,1,0,0,0,0,0,0,0,0,161,193,195,163,182,194,183,162,1,1,1,1,1,1,1,1,1,1;
1,1,0,0,0,0,0,0,0,0,163,195,197,165,183,196,184,164,1,1,1,1,1,1,1,1,1,1;
1,1,0,0,0,0,0,0,0,0,165,197,199,167,184,198,185,166,1,1,1,1,1,1,1,1,1,1;
1,1,0,0,0,0,0,0,0,0,167,199,201,169,185,200,186,168,1,1,1,1,1,1,1,1,1,1;
1,1,0,0,0,0,0,0,0,0,169,201,203,171,186,202,187,170,1,1,1,1,1,1,1,1,1,1;
1,1,0,0,0,0,0,0,0,0,171,203,205,173,187,204,188,172,1,1,1,1,1,1,1,1,1,1;
1,1,0,0,0,0,0,0,0,0,173,205,207,175,188,206,189,174,1,1,1,1,1,1,1,1,1,1;
1,1,0,0,0,0,0,0,0,0,175,207,209,177,189,208,190,176,1,1,1,1,1,1,1,1,1,1;
1,1,0,0,0,0,0,0,0,0,177,209,211,179,190,210,191,178,1,1,1,1,1,1,1,1,1,1;
1,1,0,0,0,0,0,0,0,0,179,211,213,181,191,212,192,180,1,1,1,1,1,1,1,1,1,1;
1,1,0,0,0,0,0,0,0,0,193,225,227,195,214,226,215,194,1,1,1,1,1,1,1,1,1,1;
1,1,0,0,0,0,0,0,0,0,195,227,229,197,215,228,216,196,1,1,1,1,1,1,1,1,1,1;
1,1,0,0,0,0,0,0,0,0,197,229,231,199,216,230,217,198,1,1,1,1,1,1,1,1,1,1;
1,1,0,0,0,0,0,0,0,0,199,231,233,201,217,232,218,200,1,1,1,1,1,1,1,1,1,1;
1,1,0,0,0,0,0,0,0,0,201,233,235,203,218,234,219,202,1,1,1,1,1,1,1,1,1,1;
1,1,0,0,0,0,0,0,0,0,203,235,237,205,219,236,220,204,1,1,1,1,1,1,1,1,1,1;
1,1,0,0,0,0,0,0,0,0,205,237,239,207,220,238,221,206,1,1,1,1,1,1,1,1,1,1;
1,1,0,0,0,0,0,0,0,0,207,239,241,209,221,240,222,208,1,1,1,1,1,1,1,1,1,1;
1,1,0,0,0,0,0,0,0,0,209,241,243,211,222,242,223,210,1,1,1,1,1,1,1,1,1,1;
1,1,0,0,0,0,0,0,0,0,211,243,245,213,223,244,224,212,1,1,1,1,1,1,1,1,1,1;
1,1,0,0,0,0,0,0,0,0,225,257,259,227,246,258,247,226,1,1,1,1,1,1,1,1,1,1;
1,1,0,0,0,0,0,0,0,0,227,259,261,229,247,260,248,228,1,1,1,1,1,1,1,1,1,1;
1,1,0,0,0,0,0,0,0,0,229,261,263,231,248,262,249,230,1,1,1,1,1,1,1,1,1,1;
1,1,0,0,0,0,0,0,0,0,231,263,265,233,249,264,250,232,1,1,1,1,1,1,1,1,1,1;
1,1,0,0,0,0,0,0,0,0,233,265,267,235,250,266,251,234,1,1,1,1,1,1,1,1,1,1;
1,1,0,0,0,0,0,0,0,0,235,267,269,237,251,268,252,236,1,1,1,1,1,1,1,1,1,1;
1,1,0,0,0,0,0,0,0,0,237,269,271,239,252,270,253,238,1,1,1,1,1,1,1,1,1,1;
1,1,0,0,0,0,0,0,0,0,239,271,273,241,253,272,254,240,1,1,1,1,1,1,1,1,1,1;
1,1,0,0,0,0,0,0,0,0,241,273,275,243,254,274,255,242,1,1,1,1,1,1,1,1,1,1;
1,1,0,0,0,0,0,0,0,0,243,275,277,245,255,276,256,244,1,1,1,1,1,1,1,1,1,1;
1,1,0,0,0,0,0,0,0,0,257,289,291,259,278,290,279,258,1,1,1,1,1,1,1,1,1,1;
1,1,0,0,0,0,0,0,0,0,259,291,293,261,279,292,280,260,1,1,1,1,1,1,1,1,1,1;
1,1,0,0,0,0,0,0,0,0,261,293,295,263,280,294,281,262,1,1,1,1,1,1,1,1,1,1;
1,1,0,0,0,0,0,0,0,0,263,295,297,265,281,296,282,264,1,1,1,1,1,1,1,1,1,1;
1,1,0,0,0,0,0,0,0,0,265,297,299,267,282,298,283,266,1,1,1,1,1,1,1,1,1,1;
1,1,0,0,0,0,0,0,0,0,267,299,301,269,283,300,284,268,1,1,1,1,1,1,1,1,1,1;
1,1,0,0,0,0,0,0,0,0,269,301,303,271,284,302,285,270,1,1,1,1,1,1,1,1,1,1;
1,1,0,0,0,0,0,0,0,0,271,303,305,273,285,304,286,272,1,1,1,1,1,1,1,1,1,1;
1,1,0,0,0,0,0,0,0,0,273,305,307,275,286,306,287,274,1,1,1,1,1,1,1,1,1,1;
1,1,0,0,0,0,0,0,0,0,275,307,309,277,287,308,288,276,1,1,1,1,1,1,1,1,1,1;
1,1,0,0,0,0,0,0,0,0,289,321,323,291,310,322,311,290,1,1,1,1,1,1,1,1,1,1;
1,1,0,0,0,0,0,0,0,0,291,323,325,293,311,324,312,292,1,1,1,1,1,1,1,1,1,1;
1,1,0,0,0,0,0,0,0,0,293,325,327,295,312,326,313,294,1,1,1,1,1,1,1,1,1,1;
1,1,0,0,0,0,0,0,0,0,295,327,329,297,313,328,314,296,1,1,1,1,1,1,1,1,1,1;
1,1,0,0,0,0,0,0,0,0,297,329,331,299,314,330,315,298,1,1,1,1,1,1,1,1,1,1;
1,1,0,0,0,0,0,0,0,0,299,331,333,301,315,332,316,300,1,1,1,1,1,1,1,1,1,1;
1,1,0,0,0,0,0,0,0,0,301,333,335,303,316,334,317,302,1,1,1,1,1,1,1,1,1,1;
1,1,0,0,0,0,0,0,0,0,303,335,337,305,317,336,318,304,1,1,1,1,1,1,1,1,1,1;
1,1,0,0,0,0,0,0,0,0,305,337,339,307,318,338,319,306,1,1,1,1,1,1,1,1,1,1;
1,1,0,0,0,0,0,0,0,0,307,339,341,309,319,340,320,308,1,1,1,1,1,1,1,1,1,1;
1,1,0,0,0,0,0,0,0,0,

***********************************************************
Node = 
1,0.00000,0.00000,0.00000,1,1,1,1,1,0,0,0;
2,0.00000,0.02000,0.00000,1,1,1,1,1,0,0,0;
3,0.00000,0.04000,0.00000,1,1,1,1,1,0,0,0;
4,0.00000,0.06000,0.00000,1,1,1,1,1,0,0,0;
5,0.00000,0.08000,0.00000,1,1,1,1,1,0,0,0;
6,0.00000,0.10000,0.00000,1,1,1,1,1,0,0,0;
7,0.00000,0.12000,0.00000,1,1,1,1,1,0,0,0;
8,0.00000,0.14000,0.00000,1,1,1,1,1,0,0,0;
9,0.00000,0.16000,0.00000,1,1,1,1,1,0,0,0;
10,0.00000,0.18000,0.00000,1,1,1,1,1,0,0,0;
11,0.00000,0.20000,0.00000,1,1,1,1,1,0,0,0;
12,0.00000,0.22000,0.00000,1,1,1,1,1,0,0,0;
13,0.00000,0.24000,0.00000,1,1,1,1,1,0,0,0;
14,0.00000,0.26000,0.00000,1,1,1,1,1,0,0,0;
15,0.00000,0.28000,0.00000,1,1,1,1,1,0,0,0;
16,0.00000,0.30000,0.00000,1,1,1,1,1,0,0,0;
17,0.00000,0.32000,0.00000,1,1,1,1,1,0,0,0;
18,0.00000,0.34000,0.00000,1,1,1,1,1,0,0,0;
19,0.00000,0.36000,0.00000,1,1,1,1,1,0,0,0;
20,0.00000,0.38000,0.00000,1,1,1,1,1,0,0,0;
21,0.00000,0.40000,0.00000,1,1,1,1,1,0,0,0;
22,0.02000,0.00000,0.00000,1,1,1,1,1,0,0,0;
23,0.02000,0.04000,0.00000,0,0,0,0,0,0,0,0;
24,0.02000,0.08000,0.00000,0,0,0,0,0,0,0,0;
25,0.02000,0.12000,0.00000,0,0,0,0,0,0,0,0;
26,0.02000,0.16000,0.00000,0,0,0,0,0,0,0,0;
27,0.02000,0.20000,0.00000,0,0,0,0,0,0,0,0;
28,0.02000,0.24000,0.00000,0,0,0,0,0,0,0,0;
29,0.02000,0.28000,0.00000,0,0,0,0,0,0,0,0;
30,0.02000,0.32000,0.00000,0,0,0,0,0,0,0,0;
31,0.02000,0.36000,0.00000,0,0,0,0,0,0,0,0;
32,0.02000,0.40000,0.00000,1,1,1,1,1,0,0,0;
33,0.04000,0.00000,0.00000,1,1,1,1,1,0,0,0;
34,0.04000,0.02000,0.00000,0,0,0,0,0,0,0,0;
35,0.04000,0.04000,0.00000,0,0,0,0,0,0,0,0;
36,0.04000,0.06000,0.00000,0,0,0,0,0,0,0,0;
37,0.04000,0.08000,0.00000,0,0,0,0,0,0,0,0;
38,0.04000,0.10000,0.00000,0,0,0,0,0,0,0,0;
39,0.04000,0.12000,0.00000,0,0,0,0,0,0,0,0;
40,0.04000,0.14000,0.00000,0,0,0,0,0,0,0,0;
41,0.04000,0.16000,0.00000,0,0,0,0,0,0,0,0;
42,0.04000,0.18000,0.00000,0,0,0,0,0,0,0,0;
43,0.04000,0.20000,0.00000,0,0,0,0,0,0,0,0;
44,0.04000,0.22000,0.00000,0,0,0,0,0,0,0,0;
45,0.04000,0.24000,0.00000,0,0,0,0,0,0,0,0;
46,0.04000,0.26000,0.00000,0,0,0,0,0,0,0,0;
47,0.04000,0.28000,0.00000,0,0,0,0,0,0,0,0;
48,0.04000,0.30000,0.00000,0,0,0,0,0,0,0,0;
49,0.04000,0.32000,0.00000,0,0,0,0,0,0,0,0;
50,0.04000,0.34000,0.00000,0,0,0,0,0,0,0,0;
51,0.04000,0.36000,0.00000,0,0,0,0,0,0,0,0;
52,0.04000,0.38000,0.00000,0,0,0,0,0,0,0,0;
53,0.04000,0.40000,0.00000,1,1,1,1,1,0,0,0;
54,0.06000,0.00000,0.00000,1,1,1,1,1,0,0,0;
55,0.06000,0.04000,0.00000,0,0,0,0,0,0,0,0;
56,0.06000,0.08000,0.00000,0,0,0,0,0,0,0,0;
57,0.06000,0.12000,0.00000,0,0,0,0,0,0,0,0;
58,0.06000,0.16000,0.00000,0,0,0,0,0,0,0,0;
59,0.06000,0.20000,0.00000,0,0,0,0,0,0,0,0;
60,0.06000,0.24000,0.00000,0,0,0,0,0,0,0,0;
61,0.06000,0.28000,0.00000,0,0,0,0,0,0,0,0;
62,0.06000,0.32000,0.00000,0,0,0,0,0,0,0,0;
63,0.06000,0.36000,0.00000,0,0,0,0,0,0,0,0;
64,0.06000,0.40000,0.00000,1,1,1,1,1,0,0,0;
65,0.08000,0.00000,0.00000,1,1,1,1,1,0,0,0;
66,0.08000,0.02000,0.00000,0,0,0,0,0,0,0,0;
67,0.08000,0.04000,0.00000,0,0,0,0,0,0,0,0;
68,0.08000,0.06000,0.00000,0,0,0,0,0,0,0,0;
69,0.08000,0.08000,0.00000,0,0,0,0,0,0,0,0;
70,0.08000,0.10000,0.00000,0,0,0,0,0,0,0,0;
71,0.08000,0.12000,0.00000,0,0,0,0,0,0,0,0;
72,0.08000,0.14000,0.00000,0,0,0,0,0,0,0,0;
73,0.08000,0.16000,0.00000,0,0,0,0,0,0,0,0;
74,0.08000,0.18000,0.00000,0,0,0,0,0,0,0,0;
75,0.08000,0.20000,0.00000,0,0,0,0,0,0,0,0;
76,0.08000,0.22000,0.00000,0,0,0,0,0,0,0,0;
77,0.08000,0.24000,0.00000,0,0,0,0,0,0,0,0;
78,0.08000,0.26000,0.00000,0,0,0,0,0,0,0,0;
79,0.08000,0.28000,0.00000,0,0,0,0,0,0,0,0;
80,0.08000,0.30000,0.00000,0,0,0,0,0,0,0,0;
81,0.08000,0.32000,0.00000,0,0,0,0,0,0,0,0;
82,0.08000,0.34000,0.00000,0,0,0,0,0,0,0,0;
83,0.08000,0.36000,0.00000,0,0,0,0,0,0,0,0;
84,0.08000,0.38000,0.00000,0,0,0,0,0,0,0,0;
85,0.08000,0.40000,0.00000,1,1,1,1,1,0,0,0;
86,0.10000,0.00000,0.00000,1,1,1,1,1,0,0,0;
87,0.10000,0.04000,0.00000,0,0,0,0,0,0,0,0;
88,0.10000,0.08000,0.00000,0,0,0,0,0,0,0,0;
89,0.10000,0.12000,0.00000,0,0,0,0,0,0,0,0;
90,0.10000,0.16000,0.00000,0,0,0,0,0,0,0,0;
91,0.10000,0.20000,0.00000,0,0,0,0,0,0,0,0;
92,0.10000,0.24000,0.00000,0,0,0,0,0,0,0,0;
93,0.10000,0.28000,0.00000,0,0,0,0,0,0,0,0;
94,0.10000,0.32000,0.00000,0,0,0,0,0,0,0,0;
95,0.10000,0.36000,0.00000,0,0,0,0,0,0,0,0;
96,0.10000,0.40000,0.00000,1,1,1,1,1,0,0,0;
97,0.12000,0.00000,0.00000,1,1,1,1,1,0,0,0;
98,0.12000,0.02000,0.00000,0,0,0,0,0,0,0,0;
99,0.12000,0.04000,0.00000,0,0,0,0,0,0,0,0;
100,0.12000,0.06000,0.00000,0,0,0,0,0,0,0,0;
101,0.12000,0.08000,0.00000,0,0,0,0,0,0,0,0;
102,0.12000,0.10000,0.00000,0,0,0,0,0,0,0,0;
103,0.12000,0.12000,0.00000,0,0,0,0,0,0,0,0;
104,0.12000,0.14000,0.00000,0,0,0,0,0,0,0,0;
105,0.12000,0.16000,0.00000,0,0,0,0,0,0,0,0;
106,0.12000,0.18000,0.00000,0,0,0,0,0,0,0,0;
107,0.12000,0.20000,0.00000,0,0,0,0,0,0,0,0;
108,0.12000,0.22000,0.00000,0,0,0,0,0,0,0,0;
109,0.12000,0.24000,0.00000,0,0,0,0,0,0,0,0;
110,0.12000,0.26000,0.00000,0,0,0,0,0,0,0,0;
111,0.12000,0.28000,0.00000,0,0,0,0,0,0,0,0;
112,0.12000,0.30000,0.00000,0,0,0,0,0,0,0,0;
113,0.12000,0.32000,0.00000,0,0,0,0,0,0,0,0;
114,0.12000,0.34000,0.00000,0,0,0,0,0,0,0,0;
115,0.12000,0.36000,0.00000,0,0,0,0,0,0,0,0;
116,0.12000,0.38000,0.00000,0,0,0,0,0,0,0,0;
117,0.12000,0.40000,0.00000,1,1,1,1,1,0,0,0;
118,0.14000,0.00000,0.00000,1,1,1,1,1,0,0,0;
119,0.14000,0.04000,0.00000,0,0,0,0,0,0,0,0;
120,0.14000,0.08000,0.00000,0,0,0,0,0,0,0,0;
121,0.14000,0.12000,0.00000,0,0,0,0,0,0,0,0;
122,0.14000,0.16000,0.00000,0,0,0,0,0,0,0,0;
123,0.14000,0.20000,0.00000,0,0,0,0,0,0,0,0;
124,0.14000,0.24000,0.00000,0,0,0,0,0,0,0,0;
125,0.14000,0.28000,0.00000,0,0,0,0,0,0,0,0;
126,0.14000,0.32000,0.00000,0,0,0,0,0,0,0,0;
127,0.14000,0.36000,0.00000,0,0,0,0,0,0,0,0;
128,0.14000,0.40000,0.00000,1,1,1,1,1,0,0,0;
129,0.16000,0.00000,0.00000,1,1,1,1,1,0,0,0;
130,0.16000,0.02000,0.00000,0,0,0,0,0,0,0,0;
131,0.16000,0.04000,0.00000,0,0,0,0,0,0,0,0;
132,0.16000,0.06000,0.00000,0,0,0,0,0,0,0,0;
133,0.16000,0.08000,0.00000,0,0,0,0,0,0,0,0;
134,0.16000,0.10000,0.00000,0,0,0,0,0,0,0,0;
135,0.16000,0.12000,0.00000,0,0,0,0,0,0,0,0;
136,0.16000,0.14000,0.00000,0,0,0,0,0,0,0,0;
137,0.16000,0.16000,0.00000,0,0,0,0,0,0,0,0;
138,0.16000,0.18000,0.00000,0,0,0,0,0,0,0,0;
139,0.16000,0.20000,0.00000,0,0,0,0,0,0,0,0;
140,0.16000,0.22000,0.00000,0,0,0,0,0,0,0,0;
141,0.16000,0.24000,0.00000,0,0,0,0,0,0,0,0;
142,0.16000,0.26000,0.00000,0,0,0,0,0,0,0,0;
143,0.16000,0.28000,0.00000,0,0,0,0,0,0,0,0;
144,0.16000,0.30000,0.00000,0,0,0,0,0,0,0,0;
145,0.16000,0.32000,0.00000,0,0,0,0,0,0,0,0;
146,0.16000,0.34000,0.00000,0,0,0,0,0,0,0,0;
147,0.16000,0.36000,0.00000,0,0,0,0,0,0,0,0;
148,0.16000,0.38000,0.00000,0,0,0,0,0,0,0,0;
149,0.16000,0.40000,0.00000,1,1,1,1,1,0,0,0;
150,0.18000,0.00000,0.00000,1,1,1,1,1,0,0,0;
151,0.18000,0.04000,0.00000,0,0,0,0,0,0,0,0;
152,0.18000,0.08000,0.00000,0,0,0,0,0,0,0,0;
153,0.18000,0.12000,0.00000,0,0,0,0,0,0,0,0;
154,0.18000,0.16000,0.00000,0,0,0,0,0,0,0,0;
155,0.18000,0.20000,0.00000,0,0,0,0,0,0,0,0;
156,0.18000,0.24000,0.00000,0,0,0,0,0,0,0,0;
157,0.18000,0.28000,0.00000,0,0,0,0,0,0,0,0;
158,0.18000,0.32000,0.00000,0,0,0,0,0,0,0,0;
159,0.18000,0.36000,0.00000,0,0,0,0,0,0,0,0;
160,0.18000,0.40000,0.00000,1,1,1,1,1,0,0,0;
161,0.20000,0.00000,0.00000,1,1,1,1,1,0,0,0;
162,0.20000,0.02000,0.00000,0,0,0,0,0,0,0,0;
163,0.20000,0.04000,0.00000,0,0,0,0,0,0,0,0;
164,0.20000,0.06000,0.00000,0,0,0,0,0,0,0,0;
165,0.20000,0.08000,0.00000,0,0,0,0,0,0,0,0;
166,0.20000,0.10000,0.00000,0,0,0,0,0,0,0,0;
167,0.20000,0.12000,0.00000,0,0,0,0,0,0,0,0;
168,0.20000,0.14000,0.00000,0,0,0,0,0,0,0,0;
169,0.20000,0.16000,0.00000,0,0,0,0,0,0,0,0;
170,0.20000,0.18000,0.00000,0,0,0,0,0,0,0,0;
171,0.20000,0.20000,0.00000,0,0,0,0,0,0,0,0;
172,0.20000,0.22000,0.00000,0,0,0,0,0,0,0,0;
173,0.20000,0.24000,0.00000,0,0,0,0,0,0,0,0;
174,0.20000,0.26000,0.00000,0,0,0,0,0,0,0,0;
175,0.20000,0.28000,0.00000,0,0,0,0,0,0,0,0;
176,0.20000,0.30000,0.00000,0,0,0,0,0,0,0,0;
177,0.20000,0.32000,0.00000,0,0,0,0,0,0,0,0;
178,0.20000,0.34000,0.00000,0,0,0,0,0,0,0,0;
179,0.20000,0.36000,0.00000,0,0,0,0,0,0,0,0;
180,0.20000,0.38000,0.00000,0,0,0,0,0,0,0,0;
181,0.20000,0.40000,0.00000,1,1,1,1,1,0,0,0;
182,0.22000,0.00000,0.00000,1,1,1,1,1,0,0,0;
183,0.22000,0.04000,0.00000,0,0,0,0,0,0,0,0;
184,0.22000,0.08000,0.00000,0,0,0,0,0,0,0,0;
185,0.22000,0.12000,0.00000,0,0,0,0,0,0,0,0;
186,0.22000,0.16000,0.00000,0,0,0,0,0,0,0,0;
187,0.22000,0.20000,0.00000,0,0,0,0,0,0,0,0;
188,0.22000,0.24000,0.00000,0,0,0,0,0,0,0,0;
189,0.22000,0.28000,0.00000,0,0,0,0,0,0,0,0;
190,0.22000,0.32000,0.00000,0,0,0,0,0,0,0,0;
191,0.22000,0.36000,0.00000,0,0,0,0,0,0,0,0;
192,0.22000,0.40000,0.00000,1,1,1,1,1,0,0,0;
193,0.24000,0.00000,0.00000,1,1,1,1,1,0,0,0;
194,0.24000,0.02000,0.00000,0,0,0,0,0,0,0,0;
195,0.24000,0.04000,0.00000,0,0,0,0,0,0,0,0;
196,0.24000,0.06000,0.00000,0,0,0,0,0,0,0,0;
197,0.24000,0.08000,0.00000,0,0,0,0,0,0,0,0;
198,0.24000,0.10000,0.00000,0,0,0,0,0,0,0,0;
199,0.24000,0.12000,0.00000,0,0,0,0,0,0,0,0;
200,0.24000,0.14000,0.00000,0,0,0,0,0,0,0,0;
201,0.24000,0.16000,0.00000,0,0,0,0,0,0,0,0;
202,0.24000,0.18000,0.00000,0,0,0,0,0,0,0,0;
203,0.24000,0.20000,0.00000,0,0,0,0,0,0,0,0;
204,0.24000,0.22000,0.00000,0,0,0,0,0,0,0,0;
205,0.24000,0.24000,0.00000,0,0,0,0,0,0,0,0;
206,0.24000,0.26000,0.00000,0,0,0,0,0,0,0,0;
207,0.24000,0.28000,0.00000,0,0,0,0,0,0,0,0;
208,0.24000,0.30000,0.00000,0,0,0,0,0,0,0,0;
209,0.24000,0.32000,0.00000,0,0,0,0,0,0,0,0;
210,0.24000,0.34000,0.00000,0,0,0,0,0,0,0,0;
211,0.24000,0.36000,0.00000,0,0,0,0,0,0,0,0;
212,0.24000,0.38000,0.00000,0,0,0,0,0,0,0,0;
213,0.24000,0.40000,0.00000,1,1,1,1,1,0,0,0;
214,0.26000,0.00000,0.00000,1,1,1,1,1,0,0,0;
215,0.26000,0.04000,0.00000,0,0,0,0,0,0,0,0;
216,0.26000,0.08000,0.00000,0,0,0,0,0,0,0,0;
217,0.26000,0.12000,0.00000,0,0,0,0,0,0,0,0;
218,0.26000,0.16000,0.00000,0,0,0,0,0,0,0,0;
219,0.26000,0.20000,0.00000,0,0,0,0,0,0,0,0;
220,0.26000,0.24000,0.00000,0,0,0,0,0,0,0,0;
221,0.26000,0.28000,0.00000,0,0,0,0,0,0,0,0;
222,0.26000,0.32000,0.00000,0,0,0,0,0,0,0,0;
223,0.26000,0.36000,0.00000,0,0,0,0,0,0,0,0;
224,0.26000,0.40000,0.00000,1,1,1,1,1,0,0,0;
225,0.28000,0.00000,0.00000,1,1,1,1,1,0,0,0;
226,0.28000,0.02000,0.00000,0,0,0,0,0,0,0,0;
227,0.28000,0.04000,0.00000,0,0,0,0,0,0,0,0;
228,0.28000,0.06000,0.00000,0,0,0,0,0,0,0,0;
229,0.28000,0.08000,0.00000,0,0,0,0,0,0,0,0;
230,0.28000,0.10000,0.00000,0,0,0,0,0,0,0,0;
231,0.28000,0.12000,0.00000,0,0,0,0,0,0,0,0;
232,0.28000,0.14000,0.00000,0,0,0,0,0,0,0,0;
233,0.28000,0.16000,0.00000,0,0,0,0,0,0,0,0;
234,0.28000,0.18000,0.00000,0,0,0,0,0,0,0,0;
235,0.28000,0.20000,0.00000,0,0,0,0,0,0,0,0;
236,0.28000,0.22000,0.00000,0,0,0,0,0,0,0,0;
237,0.28000,0.24000,0.00000,0,0,0,0,0,0,0,0;
238,0.28000,0.26000,0.00000,0,0,0,0,0,0,0,0;
239,0.28000,0.28000,0.00000,0,0,0,0,0,0,0,0;
240,0.28000,0.30000,0.00000,0,0,0,0,0,0,0,0;
241,0.28000,0.32000,0.00000,0,0,0,0,0,0,0,0;
242,0.28000,0.34000,0.00000,0,0,0,0,0,0,0,0;
243,0.28000,0.36000,0.00000,0,0,0,0,0,0,0,0;
244,0.28000,0.38000,0.00000,0,0,0,0,0,0,0,0;
245,0.28000,0.40000,0.00000,1,1,1,1,1,0,0,0;
246,0.30000,0.00000,0.00000,1,1,1,1,1,0,0,0;
247,0.30000,0.04000,0.00000,0,0,0,0,0,0,0,0;
248,0.30000,0.08000,0.00000,0,0,0,0,0,0,0,0;
249,0.30000,0.12000,0.00000,0,0,0,0,0,0,0,0;
250,0.30000,0.16000,0.00000,0,0,0,0,0,0,0,0;
251,0.30000,0.20000,0.00000,0,0,0,0,0,0,0,0;
252,0.30000,0.24000,0.00000,0,0,0,0,0,0,0,0;
253,0.30000,0.28000,0.00000,0,0,0,0,0,0,0,0;
254,0.30000,0.32000,0.00000,0,0,0,0,0,0,0,0;
255,0.30000,0.36000,0.00000,0,0,0,0,0,0,0,0;
256,0.30000,0.40000,0.00000,1,1,1,1,1,0,0,0;
257,0.32000,0.00000,0.00000,1,1,1,1,1,0,0,0;
258,0.32000,0.02000,0.00000,0,0,0,0,0,0,0,0;
259,0.32000,0.04000,0.00000,0,0,0,0,0,0,0,0;
260,0.32000,0.06000,0.00000,0,0,0,0,0,0,0,0;
261,0.32000,0.08000,0.00000,0,0,0,0,0,0,0,0;
262,0.32000,0.10000,0.00000,0,0,0,0,0,0,0,0;
263,0.32000,0.12000,0.00000,0,0,0,0,0,0,0,0;
264,0.32000,0.14000,0.00000,0,0,0,0,0,0,0,0;
265,0.32000,0.16000,0.00000,0,0,0,0,0,0,0,0;
266,0.32000,0.18000,0.00000,0,0,0,0,0,0,0,0;
267,0.32000,0.20000,0.00000,0,0,0,0,0,0,0,0;
268,0.32000,0.22000,0.00000,0,0,0,0,0,0,0,0;
269,0.32000,0.24000,0.00000,0,0,0,0,0,0,0,0;
270,0.32000,0.26000,0.00000,0,0,0,0,0,0,0,0;
271,0.32000,0.28000,0.00000,0,0,0,0,0,0,0,0;
272,0.32000,0.30000,0.00000,0,0,0,0,0,0,0,0;
273,0.32000,0.32000,0.00000,0,0,0,0,0,0,0,0;
274,0.32000,0.34000,0.00000,0,0,0,0,0,0,0,0;
275,0.32000,0.36000,0.00000,0,0,0,0,0,0,0,0;
276,0.32000,0.38000,0.00000,0,0,0,0,0,0,0,0;
277,0.32000,0.40000,0.00000,1,1,1,1,1,0,0,0;
278,0.34000,0.00000,0.00000,1,1,1,1,1,0,0,0;
279,0.34000,0.04000,0.00000,0,0,0,0,0,0,0,0;
280,0.34000,0.08000,0.00000,0,0,0,0,0,0,0,0;
281,0.34000,0.12000,0.00000,0,0,0,0,0,0,0,0;
282,0.34000,0.16000,0.00000,0,0,0,0,0,0,0,0;
283,0.34000,0.20000,0.00000,0,0,0,0,0,0,0,0;
284,0.34000,0.24000,0.00000,0,0,0,0,0,0,0,0;
285,0.34000,0.28000,0.00000,0,0,0,0,0,0,0,0;
286,0.34000,0.32000,0.00000,0,0,0,0,0,0,0,0;
287,0.34000,0.36000,0.00000,0,0,0,0,0,0,0,0;
288,0.34000,0.40000,0.00000,1,1,1,1,1,0,0,0;
289,0.36000,0.00000,0.00000,1,1,1,1,1,0,0,0;
290,0.36000,0.02000,0.00000,0,0,0,0,0,0,0,0;
291,0.36000,0.04000,0.00000,0,0,0,0,0,0,0,0;
292,0.36000,0.06000,0.00000,0,0,0,0,0,0,0,0;
293,0.36000,0.08000,0.00000,0,0,0,0,0,0,0,0;
294,0.36000,0.10000,0.00000,0,0,0,0,0,0,0,0;
295,0.36000,0.12000,0.00000,0,0,0,0,0,0,0,0;
296,0.36000,0.14000,0.00000,0,0,0,0,0,0,0,0;
297,0.36000,0.16000,0.00000,0,0,0,0,0,0,0,0;
298,0.36000,0.18000,0.00000,0,0,0,0,0,0,0,0;
299,0.36000,0.20000,0.00000,0,0,0,0,0,0,0,0;
300,0.36000,0.22000,0.00000,0,0,0,0,0,0,0,0;
301,0.36000,0.24000,0.00000,0,0,0,0,0,0,0,0;
302,0.36000,0.26000,0.00000,0,0,0,0,0,0,0,0;
303,0.36000,0.28000,0.00000,0,0,0,0,0,0,0,0;
304,0.36000,0.30000,0.00000,0,0,0,0,0,0,0,0;
305,0.36000,0.32000,0.00000,0,0,0,0,0,0,0,0;
306,0.36000,0.34000,0.00000,0,0,0,0,0,0,0,0;
307,0.36000,0.36000,0.00000,0,0,0,0,0,0,0,0;
308,0.36000,0.38000,0.00000,0,0,0,0,0,0,0,0;
309,0.36000,0.40000,0.00000,1,1,1,1,1,0,0,0;
310,0.38000,0.00000,0.00000,1,1,1,1,1,0,0,0;
311,0.38000,0.04000,0.00000,0,0,0,0,0,0,0,0;
312,0.38000,0.08000,0.00000,0,0,0,0,0,0,0,0;
313,0.38000,0.12000,0.00000,0,0,0,0,0,0,0,0;
314,0.38000,0.16000,0.00000,0,0,0,0,0,0,0,0;
315,0.38000,0.20000,0.00000,0,0,0,0,0,0,0,0;
316,0.38000,0.24000,0.00000,0,0,0,0,0,0,0,0;
317,0.38000,0.28000,0.00000,0,0,0,0,0,0,0,0;
318,0.38000,0.32000,0.00000,0,0,0,0,0,0,0,0;
319,0.38000,0.36000,0.00000,0,0,0,0,0,0,0,0;
320,0.38000,0.40000,0.00000,1,1,1,1,1,0,0,0;
321,0.40000,0.00000,0.00000,1,1,1,1,1,0,0,0;
322,0.40000,0.02000,0.00000,1,1,1,1,1,0,0,0;
323,0.40000,0.04000,0.00000,1,1,1,1,1,0,0,0;
324,0.40000,0.06000,0.00000,1,1,1,1,1,0,0,0;
325,0.40000,0.08000,0.00000,1,1,1,1,1,0,0,0;
326,0.40000,0.10000,0.00000,1,1,1,1,1,0,0,0;
327,0.40000,0.12000,0.00000,1,1,1,1,1,0,0,0;
328,0.40000,0.14000,0.00000,1,1,1,1,1,0,0,0;
329,0.40000,0.16000,0.00000,1,1,1,1,1,0,0,0;
330,0.40000,0.18000,0.00000,1,1,1,1,1,0,0,0;
331,0.40000,0.20000,0.00000,1,1,1,1,1,0,0,0;
332,0.40000,0.22000,0.00000,1,1,1,1,1,0,0,0;
333,0.40000,0.24000,0.00000,1,1,1,1,1,0,0,0;
334,0.40000,0.26000,0.00000,1,1,1,1,1,0,0,0;
335,0.40000,0.28000,0.00000,1,1,1,1,1,0,0,0;
336,0.40000,0.30000,0.00000,1,1,1,1,1,0,0,0;
337,0.40000,0.32000,0.00000,1,1,1,1,1,0,0,0;
338,0.40000,0.34000,0.00000,1,1,1,1,1,0,0,0;
339,0.40000,0.36000,0.00000,1,1,1,1,1,0,0,0;
340,0.40000,0.38000,0.00000,1,1,1,1,1,0,0,0;
341,0.40000,0.40000,0.00000,1,1,1,1,1,0,0,0;


***********************************************************
MateProp = 


Layer1 = 

c = 
9.3187E+10  3.0658E+10  0.0000E+00  0.0000E+00  0.0000E+00
3.0658E+10  9.3187E+10  0.0000E+00  0.0000E+00  0.0000E+00
0.0000E+00  0.0000E+00  3.1264E+10  0.0000E+00  0.0000E+00
0.0000E+00  0.0000E+00  0.0000E+00  2.6053E+10  0.0000E+00
0.0000E+00  0.0000E+00  0.0000E+00  0.0000E+00  2.6053E+10

eM = 
-1.5233E+01  -1.5233E+01  0.0000E+00  0.0000E+00  0.0000E+00
0.0000E+00  0.0000E+00  0.0000E+00  0.0000E+00  0.0000E+00

gM = 
7.7627E-09  0.0000E+00
0.0000E+00  0.0000E+00

q = 
0.0000E+00  0.0000E+00  0.0000E+00  0.0000E+00  0.0000E+00
0.0000E+00  0.0000E+00  0.0000E+00  0.0000E+00  0.0000E+00

Alphat = 
1.2000E-06  1.2000E-06  0.0000E+00  0.0000E+00  0.0000E+00  
PyroE = 
0.0000E+00

PyroM = 
0.0000E+00

HC = 
2.1000E+00

k = 
0.0000E+00  0.0000E+00
0.0000E+00  0.0000E+00

r = 
0.0000E+00  0.0000E+00
0.0000E+00  0.0000E+00


Layer2 = 

c = 
2.3850E+11  6.6780E+10  0.0000E+00  0.0000E+00  0.0000E+00
6.6780E+10  2.3850E+11  0.0000E+00  0.0000E+00  0.0000E+00
0.0000E+00  0.0000E+00  8.5859E+10  0.0000E+00  0.0000E+00
0.0000E+00  0.0000E+00  0.0000E+00  7.1549E+10  0.0000E+00
0.0000E+00  0.0000E+00  0.0000E+00  0.0000E+00  7.1549E+10


Layer3 = 

c = 
2.5250E+11  7.0699E+10  0.0000E+00  0.0000E+00  0.0000E+00
7.0699E+10  2.5250E+11  0.0000E+00  0.0000E+00  0.0000E+00
0.0000E+00  0.0000E+00  9.0898E+10  0.0000E+00  0.0000E+00
0.0000E+00  0.0000E+00  0.0000E+00  7.5749E+10  0.0000E+00
0.0000E+00  0.0000E+00  0.0000E+00  0.0000E+00  7.5749E+10


Layer4 = 

c = 
2.6606E+11  7.4497E+10  0.0000E+00  0.0000E+00  0.0000E+00
7.4497E+10  2.6606E+11  0.0000E+00  0.0000E+00  0.0000E+00
0.0000E+00  0.0000E+00  9.5781E+10  0.0000E+00  0.0000E+00
0.0000E+00  0.0000E+00  0.0000E+00  7.9818E+10  0.0000E+00
0.0000E+00  0.0000E+00  0.0000E+00  0.0000E+00  7.9818E+10


Layer5 = 

c = 
2.7930E+11  7.8203E+10  0.0000E+00  0.0000E+00  0.0000E+00
7.8203E+10  2.7930E+11  0.0000E+00  0.0000E+00  0.0000E+00
0.0000E+00  0.0000E+00  1.0055E+11  0.0000E+00  0.0000E+00
0.0000E+00  0.0000E+00  0.0000E+00  8.3789E+10  0.0000E+00
0.0000E+00  0.0000E+00  0.0000E+00  0.0000E+00  8.3789E+10


Layer6 = 

c = 
2.9210E+11  8.1788E+10  0.0000E+00  0.0000E+00  0.0000E+00
8.1788E+10  2.9210E+11  0.0000E+00  0.0000E+00  0.0000E+00
0.0000E+00  0.0000E+00  1.0516E+11  0.0000E+00  0.0000E+00
0.0000E+00  0.0000E+00  0.0000E+00  8.7630E+10  0.0000E+00
0.0000E+00  0.0000E+00  0.0000E+00  0.0000E+00  8.7630E+10


Layer7 = 

c = 
3.0458E+11  8.5282E+10  0.0000E+00  0.0000E+00  0.0000E+00
8.5282E+10  3.0458E+11  0.0000E+00  0.0000E+00  0.0000E+00
0.0000E+00  0.0000E+00  1.0965E+11  0.0000E+00  0.0000E+00
0.0000E+00  0.0000E+00  0.0000E+00  9.1374E+10  0.0000E+00
0.0000E+00  0.0000E+00  0.0000E+00  0.0000E+00  9.1374E+10


Layer8 = 

c = 
3.1673E+11  8.8685E+10  0.0000E+00  0.0000E+00  0.0000E+00
8.8685E+10  3.1673E+11  0.0000E+00  0.0000E+00  0.0000E+00
0.0000E+00  0.0000E+00  1.1402E+11  0.0000E+00  0.0000E+00
0.0000E+00  0.0000E+00  0.0000E+00  9.5020E+10  0.0000E+00
0.0000E+00  0.0000E+00  0.0000E+00  0.0000E+00  9.5020E+10


Layer9 = 

c = 
3.2856E+11  9.1997E+10  0.0000E+00  0.0000E+00  0.0000E+00
9.1997E+10  3.2856E+11  0.0000E+00  0.0000E+00  0.0000E+00
0.0000E+00  0.0000E+00  1.1828E+11  0.0000E+00  0.0000E+00
0.0000E+00  0.0000E+00  0.0000E+00  9.8568E+10  0.0000E+00
0.0000E+00  0.0000E+00  0.0000E+00  0.0000E+00  9.8568E+10


Layer10 = 

c = 
3.4006E+11  9.5217E+10  0.0000E+00  0.0000E+00  0.0000E+00
9.5217E+10  3.4006E+11  0.0000E+00  0.0000E+00  0.0000E+00
0.0000E+00  0.0000E+00  1.2242E+11  0.0000E+00  0.0000E+00
0.0000E+00  0.0000E+00  0.0000E+00  1.0202E+11  0.0000E+00
0.0000E+00  0.0000E+00  0.0000E+00  0.0000E+00  1.0202E+11


Layer11 = 

c = 
3.5124E+11  9.8346E+10  0.0000E+00  0.0000E+00  0.0000E+00
9.8346E+10  3.5124E+11  0.0000E+00  0.0000E+00  0.0000E+00
0.0000E+00  0.0000E+00  1.2645E+11  0.0000E+00  0.0000E+00
0.0000E+00  0.0000E+00  0.0000E+00  1.0537E+11  0.0000E+00
0.0000E+00  0.0000E+00  0.0000E+00  0.0000E+00  1.0537E+11


Layer12 = 

c = 
9.3187E+10  3.0658E+10  0.0000E+00  0.0000E+00  0.0000E+00
3.0658E+10  9.3187E+10  0.0000E+00  0.0000E+00  0.0000E+00
0.0000E+00  0.0000E+00  3.1264E+10  0.0000E+00  0.0000E+00
0.0000E+00  0.0000E+00  0.0000E+00  2.6053E+10  0.0000E+00
0.0000E+00  0.0000E+00  0.0000E+00  0.0000E+00  2.6053E+10

eM = 
0.0000E+00  0.0000E+00  0.0000E+00  0.0000E+00  0.0000E+00
-1.5233E+01  -1.5233E+01  0.0000E+00  0.0000E+00  0.0000E+00

gM = 
0.0000E+00  0.0000E+00
0.0000E+00  7.7627E-09

q = 
0.0000E+00  0.0000E+00  0.0000E+00  0.0000E+00  0.0000E+00
0.0000E+00  0.0000E+00  0.0000E+00  0.0000E+00  0.0000E+00

Alphat = 
1.2000E-06  1.2000E-06  0.0000E+00  0.0000E+00  0.0000E+00  
PyroE = 
0.0000E+00

PyroM = 
0.0000E+00

HC = 
2.1000E+00

k = 
0.0000E+00  0.0000E+00
0.0000E+00  0.0000E+00

r = 
0.0000E+00  0.0000E+00
0.0000E+00  0.0000E+00


