***********************************************************
ElemType = 
8,5,6,1,6;


***********************************************************
Material = 
1,1.40E+11,1.40E+11,0.55,0.00,4.50E+10,5.40E+10,5.40E+10,-1.13E-11,-1.13E-11,0.00,2.00E-04,2.00E+02,2.00E+02,7.580000E-09,2.50E-09,7.50E-05,1.00E+00,1.00E+00,1.00E+00,1.00E+00,1.00E+00,5.60E+03,-6.00E-04,-4.000000e-04;
2,2,1.50E+11,9.00E+09,0.30,0.30,7.10E+09,7.10E+09,2.50E+09,-1.13E-11,-1.13E-11,45.00,2.00E-04,2.00E+02,2.00E+02,7.580000E-09,2.50E-09,7.50E-05,1.00E+00,1.00E+00,1.00E+00,1.00E+00,1.00E+00,1.76E+03,-4.00E-04,-2.000000e-04;
2,3,1.50E+11,9.00E+09,0.30,0.30,7.10E+09,7.10E+09,2.50E+09,-1.13E-11,-1.13E-11,-45.00,2.00E-04,2.00E+02,2.00E+02,7.580000E-09,2.50E-09,7.50E-05,1.00E+00,1.00E+00,1.00E+00,1.00E+00,1.00E+00,1.76E+03,-2.00E-04,0;
2,4,1.50E+11,9.00E+09,0.30,0.30,7.10E+09,7.10E+09,2.50E+09,-1.13E-11,-1.13E-11,-45.00,2.00E-04,2.00E+02,2.00E+02,7.580000E-09,2.50E-09,7.50E-05,1.00E+00,1.00E+00,1.00E+00,1.00E+00,1.00E+00,1.76E+03,0.00E+00,2.000000e-04;
2,5,1.50E+11,9.00E+09,0.30,0.30,7.10E+09,7.10E+09,2.50E+09,-1.13E-11,-1.13E-11,45.00,2.00E-04,2.00E+02,2.00E+02,7.580000E-09,2.50E-09,7.50E-05,1.00E+00,1.00E+00,1.00E+00,1.00E+00,1.00E+00,1.76E+03,2.00E-04,4.000000e-04;
2,6,1.40E+11,1.40E+11,0.55,0.00,4.50E+10,5.40E+10,5.40E+10,-1.13E-11,-1.13E-11,0.00,2.00E-04,2.00E+02,2.00E+02,7.580000E-09,2.50E-09,7.50E-05,1.00E+00,1.00E+00,1.00E+00,1.00E+00,1.00E+00,5.60E+03,4.00E-04,6.000000e-04;
2,

***********************************************************
Element = 
1,33,35,3,22,34,23,2,1,1,1,1,1,1,0,0,0,0;
0,0,0,0,0,0,0,0,0,0,3,35,37,5,23,36,24,4,1,1,1,1,1,1,0,0,0,0;
0,0,0,0,0,0,0,0,0,0,5,37,39,7,24,38,25,6,1,1,1,1,1,1,0,0,0,0;
0,0,0,0,0,0,0,0,0,0,7,39,41,9,25,40,26,8,1,1,1,1,1,1,0,0,0,0;
0,0,0,0,0,0,0,0,0,0,9,41,43,11,26,42,27,10,1,1,1,1,1,1,0,0,0,0;
0,0,0,0,0,0,0,0,0,0,11,43,45,13,27,44,28,12,1,1,1,1,1,1,0,0,0,0;
0,0,0,0,0,0,0,0,0,0,13,45,47,15,28,46,29,14,1,1,1,1,1,1,0,0,0,0;
0,0,0,0,0,0,0,0,0,0,15,47,49,17,29,48,30,16,1,1,1,1,1,1,0,0,0,0;
0,0,0,0,0,0,0,0,0,0,17,49,51,19,30,50,31,18,1,1,1,1,1,1,0,0,0,0;
0,0,0,0,0,0,0,0,0,0,19,51,53,21,31,52,32,20,1,1,1,1,1,1,0,0,0,0;
0,0,0,0,0,0,0,0,0,0,33,65,67,35,54,66,55,34,1,1,1,1,1,1,0,0,0,0;
0,0,0,0,0,0,0,0,0,0,35,67,69,37,55,68,56,36,1,1,1,1,1,1,0,0,0,0;
0,0,0,0,0,0,0,0,0,0,37,69,71,39,56,70,57,38,1,1,1,1,1,1,0,0,0,0;
0,0,0,0,0,0,0,0,0,0,39,71,73,41,57,72,58,40,1,1,1,1,1,1,0,0,0,0;
0,0,0,0,0,0,0,0,0,0,41,73,75,43,58,74,59,42,1,1,1,1,1,1,0,0,0,0;
0,0,0,0,0,0,0,0,0,0,43,75,77,45,59,76,60,44,1,1,1,1,1,1,0,0,0,0;
0,0,0,0,0,0,0,0,0,0,45,77,79,47,60,78,61,46,1,1,1,1,1,1,0,0,0,0;
0,0,0,0,0,0,0,0,0,0,47,79,81,49,61,80,62,48,1,1,1,1,1,1,0,0,0,0;
0,0,0,0,0,0,0,0,0,0,49,81,83,51,62,82,63,50,1,1,1,1,1,1,0,0,0,0;
0,0,0,0,0,0,0,0,0,0,51,83,85,53,63,84,64,52,1,1,1,1,1,1,0,0,0,0;
0,0,0,0,0,0,0,0,0,0,

***********************************************************
Node = 
1,0.00000,0.00000,0.31831,0,0,0,0,0,0,0,0;
2,0.00000,0.15700,0.31831,0,0,0,0,0,0,0,0;
3,0.00000,0.31400,0.31831,0,0,0,0,0,0,0,0;
4,0.00000,0.47100,0.31831,0,0,0,0,0,0,0,0;
5,0.00000,0.62800,0.31831,0,0,0,0,0,0,0,0;
6,0.00000,0.78500,0.31831,0,0,0,0,0,0,0,0;
7,0.00000,0.94200,0.31831,0,0,0,0,0,0,0,0;
8,0.00000,1.09900,0.31831,0,0,0,0,0,0,0,0;
9,0.00000,1.25600,0.31831,0,0,0,0,0,0,0,0;
10,0.00000,1.41300,0.31831,0,0,0,0,0,0,0,0;
11,0.00000,1.57000,0.31831,0,0,0,0,0,0,0,0;
12,0.00000,1.72700,0.31831,0,0,0,0,0,0,0,0;
13,0.00000,1.88400,0.31831,0,0,0,0,0,0,0,0;
14,0.00000,2.04100,0.31831,0,0,0,0,0,0,0,0;
15,0.00000,2.19800,0.31831,0,0,0,0,0,0,0,0;
16,0.00000,2.35500,0.31831,0,0,0,0,0,0,0,0;
17,0.00000,2.51200,0.31831,0,0,0,0,0,0,0,0;
18,0.00000,2.66900,0.31831,0,0,0,0,0,0,0,0;
19,0.00000,2.82600,0.31831,0,0,0,0,0,0,0,0;
20,0.00000,2.98300,0.31831,0,0,0,0,0,0,0,0;
21,0.00000,3.14000,0.31831,1,1,1,1,1,0,0,0;
22,0.01270,0.00000,0.31831,0,0,0,0,0,0,0,0;
23,0.01270,0.31400,0.31831,0,0,0,0,0,0,0,0;
24,0.01270,0.62800,0.31831,0,0,0,0,0,0,0,0;
25,0.01270,0.94200,0.31831,0,0,0,0,0,0,0,0;
26,0.01270,1.25600,0.31831,0,0,0,0,0,0,0,0;
27,0.01270,1.57000,0.31831,0,0,0,0,0,0,0,0;
28,0.01270,1.88400,0.31831,0,0,0,0,0,0,0,0;
29,0.01270,2.19800,0.31831,0,0,0,0,0,0,0,0;
30,0.01270,2.51200,0.31831,0,0,0,0,0,0,0,0;
31,0.01270,2.82600,0.31831,0,0,0,0,0,0,0,0;
32,0.01270,3.14000,0.31831,1,1,1,1,1,0,0,0;
33,0.02540,0.00000,0.31831,0,0,0,0,0,0,0,0;
34,0.02540,0.15700,0.31831,0,0,0,0,0,0,0,0;
35,0.02540,0.31400,0.31831,0,0,0,0,0,0,0,0;
36,0.02540,0.47100,0.31831,0,0,0,0,0,0,0,0;
37,0.02540,0.62800,0.31831,0,0,0,0,0,0,0,0;
38,0.02540,0.78500,0.31831,0,0,0,0,0,0,0,0;
39,0.02540,0.94200,0.31831,0,0,0,0,0,0,0,0;
40,0.02540,1.09900,0.31831,0,0,0,0,0,0,0,0;
41,0.02540,1.25600,0.31831,0,0,0,0,0,0,0,0;
42,0.02540,1.41300,0.31831,0,0,0,0,0,0,0,0;
43,0.02540,1.57000,0.31831,0,0,0,0,0,0,0,0;
44,0.02540,1.72700,0.31831,0,0,0,0,0,0,0,0;
45,0.02540,1.88400,0.31831,0,0,0,0,0,0,0,0;
46,0.02540,2.04100,0.31831,0,0,0,0,0,0,0,0;
47,0.02540,2.19800,0.31831,0,0,0,0,0,0,0,0;
48,0.02540,2.35500,0.31831,0,0,0,0,0,0,0,0;
49,0.02540,2.51200,0.31831,0,0,0,0,0,0,0,0;
50,0.02540,2.66900,0.31831,0,0,0,0,0,0,0,0;
51,0.02540,2.82600,0.31831,0,0,0,0,0,0,0,0;
52,0.02540,2.98300,0.31831,0,0,0,0,0,0,0,0;
53,0.02540,3.14000,0.31831,1,1,1,1,1,0,0,0;
54,0.03810,0.00000,0.31831,0,0,0,0,0,0,0,0;
55,0.03810,0.31400,0.31831,0,0,0,0,0,0,0,0;
56,0.03810,0.62800,0.31831,0,0,0,0,0,0,0,0;
57,0.03810,0.94200,0.31831,0,0,0,0,0,0,0,0;
58,0.03810,1.25600,0.31831,0,0,0,0,0,0,0,0;
59,0.03810,1.57000,0.31831,0,0,0,0,0,0,0,0;
60,0.03810,1.88400,0.31831,0,0,0,0,0,0,0,0;
61,0.03810,2.19800,0.31831,0,0,0,0,0,0,0,0;
62,0.03810,2.51200,0.31831,0,0,0,0,0,0,0,0;
63,0.03810,2.82600,0.31831,0,0,0,0,0,0,0,0;
64,0.03810,3.14000,0.31831,1,1,1,1,1,0,0,0;
65,0.05080,0.00000,0.31831,0,0,0,0,0,0,0,0;
66,0.05080,0.15700,0.31831,0,0,0,0,0,0,0,0;
67,0.05080,0.31400,0.31831,0,0,0,0,0,0,0,0;
68,0.05080,0.47100,0.31831,0,0,0,0,0,0,0,0;
69,0.05080,0.62800,0.31831,0,0,0,0,0,0,0,0;
70,0.05080,0.78500,0.31831,0,0,0,0,0,0,0,0;
71,0.05080,0.94200,0.31831,0,0,0,0,0,0,0,0;
72,0.05080,1.09900,0.31831,0,0,0,0,0,0,0,0;
73,0.05080,1.25600,0.31831,0,0,0,0,0,0,0,0;
74,0.05080,1.41300,0.31831,0,0,0,0,0,0,0,0;
75,0.05080,1.57000,0.31831,0,0,0,0,0,0,0,0;
76,0.05080,1.72700,0.31831,0,0,0,0,0,0,0,0;
77,0.05080,1.88400,0.31831,0,0,0,0,0,0,0,0;
78,0.05080,2.04100,0.31831,0,0,0,0,0,0,0,0;
79,0.05080,2.19800,0.31831,0,0,0,0,0,0,0,0;
80,0.05080,2.35500,0.31831,0,0,0,0,0,0,0,0;
81,0.05080,2.51200,0.31831,0,0,0,0,0,0,0,0;
82,0.05080,2.66900,0.31831,0,0,0,0,0,0,0,0;
83,0.05080,2.82600,0.31831,0,0,0,0,0,0,0,0;
84,0.05080,2.98300,0.31831,0,0,0,0,0,0,0,0;
85,0.05080,3.14000,0.31831,1,1,1,1,1,0,0,0;


***********************************************************
MateProp = 


Layer1 = 

c = 
2.0072E+11  1.1039E+11  0.0000E+00  0.0000E+00  0.0000E+00
1.1039E+11  2.0072E+11  0.0000E+00  0.0000E+00  0.0000E+00
0.0000E+00  0.0000E+00  4.5000E+10  0.0000E+00  0.0000E+00
0.0000E+00  0.0000E+00  0.0000E+00  4.5000E+10  0.0000E+00
0.0000E+00  0.0000E+00  0.0000E+00  0.0000E+00  4.5000E+10

eM = 
-3.5156E+00  -3.5156E+00  0.0000E+00  0.0000E+00  0.0000E+00
0.0000E+00  0.0000E+00  0.0000E+00  0.0000E+00  0.0000E+00
0.0000E+00  0.0000E+00  0.0000E+00  0.0000E+00  0.0000E+00
0.0000E+00  0.0000E+00  0.0000E+00  0.0000E+00  0.0000E+00
0.0000E+00  0.0000E+00  0.0000E+00  0.0000E+00  0.0000E+00
0.0000E+00  0.0000E+00  0.0000E+00  0.0000E+00  0.0000E+00

gM = 
7.5005E-09  0.0000E+00  0.0000E+00  0.0000E+00  0.0000E+00  0.0000E+00
0.0000E+00  0.0000E+00  0.0000E+00  0.0000E+00  0.0000E+00  0.0000E+00
0.0000E+00  0.0000E+00  0.0000E+00  0.0000E+00  0.0000E+00  0.0000E+00
0.0000E+00  0.0000E+00  0.0000E+00  0.0000E+00  0.0000E+00  0.0000E+00
0.0000E+00  0.0000E+00  0.0000E+00  0.0000E+00  0.0000E+00  0.0000E+00
0.0000E+00  0.0000E+00  0.0000E+00  0.0000E+00  0.0000E+00  0.0000E+00

q = 
2.0000E+02  2.0000E+02  0.0000E+00  0.0000E+00  0.0000E+00
0.0000E+00  0.0000E+00  0.0000E+00  0.0000E+00  0.0000E+00
0.0000E+00  0.0000E+00  0.0000E+00  0.0000E+00  0.0000E+00
0.0000E+00  0.0000E+00  0.0000E+00  0.0000E+00  0.0000E+00
0.0000E+00  0.0000E+00  0.0000E+00  0.0000E+00  0.0000E+00
0.0000E+00  0.0000E+00  0.0000E+00  0.0000E+00  0.0000E+00

Alphat = 
1.0000E+00  1.0000E+00  0.0000E+00  0.0000E+00  0.0000E+00  
PyroE = 
1.0000E+00

PyroM = 
1.0000E+00

HC = 
1.0000E+00

k = 
2.5000E-09  0.0000E+00  0.0000E+00  0.0000E+00  0.0000E+00  0.0000E+00
0.0000E+00  0.0000E+00  0.0000E+00  0.0000E+00  0.0000E+00  0.0000E+00
0.0000E+00  0.0000E+00  0.0000E+00  0.0000E+00  0.0000E+00  0.0000E+00
0.0000E+00  0.0000E+00  0.0000E+00  0.0000E+00  0.0000E+00  0.0000E+00
0.0000E+00  0.0000E+00  0.0000E+00  0.0000E+00  0.0000E+00  0.0000E+00
0.0000E+00  0.0000E+00  0.0000E+00  0.0000E+00  0.0000E+00  0.0000E+00

r = 
7.5000E-05  0.0000E+00  0.0000E+00  0.0000E+00  0.0000E+00  0.0000E+00
0.0000E+00  0.0000E+00  0.0000E+00  0.0000E+00  0.0000E+00  0.0000E+00
0.0000E+00  0.0000E+00  0.0000E+00  0.0000E+00  0.0000E+00  0.0000E+00
0.0000E+00  0.0000E+00  0.0000E+00  0.0000E+00  0.0000E+00  0.0000E+00
0.0000E+00  0.0000E+00  0.0000E+00  0.0000E+00  0.0000E+00  0.0000E+00
0.0000E+00  0.0000E+00  0.0000E+00  0.0000E+00  0.0000E+00  0.0000E+00


Layer2 = 

c = 
4.8423E+10  3.4223E+10  3.5441E+10  0.0000E+00  0.0000E+00
3.4223E+10  4.8423E+10  3.5441E+10  0.0000E+00  0.0000E+00
3.5441E+10  3.5441E+10  3.8608E+10  0.0000E+00  0.0000E+00
0.0000E+00  0.0000E+00  0.0000E+00  4.0000E+09  1.9167E+09
0.0000E+00  0.0000E+00  0.0000E+00  1.9167E+09  4.0000E+09

eM = 
0.0000E+00  0.0000E+00  0.0000E+00  0.0000E+00  0.0000E+00
-9.3390E-01  -9.3390E-01  -8.0098E-01  0.0000E+00  0.0000E+00
0.0000E+00  0.0000E+00  0.0000E+00  0.0000E+00  0.0000E+00
0.0000E+00  0.0000E+00  0.0000E+00  0.0000E+00  0.0000E+00
0.0000E+00  0.0000E+00  0.0000E+00  0.0000E+00  0.0000E+00
0.0000E+00  0.0000E+00  0.0000E+00  0.0000E+00  0.0000E+00

gM = 
0.0000E+00  0.0000E+00  0.0000E+00  0.0000E+00  0.0000E+00  0.0000E+00
0.0000E+00  7.5408E-09  0.0000E+00  0.0000E+00  0.0000E+00  0.0000E+00
0.0000E+00  0.0000E+00  0.0000E+00  0.0000E+00  0.0000E+00  0.0000E+00
0.0000E+00  0.0000E+00  0.0000E+00  0.0000E+00  0.0000E+00  0.0000E+00
0.0000E+00  0.0000E+00  0.0000E+00  0.0000E+00  0.0000E+00  0.0000E+00
0.0000E+00  0.0000E+00  0.0000E+00  0.0000E+00  0.0000E+00  0.0000E+00

q = 
0.0000E+00  0.0000E+00  0.0000E+00  0.0000E+00  0.0000E+00
2.0000E+02  2.0000E+02  0.0000E+00  0.0000E+00  0.0000E+00
0.0000E+00  0.0000E+00  0.0000E+00  0.0000E+00  0.0000E+00
0.0000E+00  0.0000E+00  0.0000E+00  0.0000E+00  0.0000E+00
0.0000E+00  0.0000E+00  0.0000E+00  0.0000E+00  0.0000E+00
0.0000E+00  0.0000E+00  0.0000E+00  0.0000E+00  0.0000E+00

Alphat = 
1.0000E+00  1.0000E+00  0.0000E+00  0.0000E+00  0.0000E+00  
PyroE = 
1.0000E+00

PyroM = 
1.0000E+00

HC = 
1.0000E+00

k = 
0.0000E+00  0.0000E+00  0.0000E+00  0.0000E+00  0.0000E+00  0.0000E+00
0.0000E+00  2.5000E-09  0.0000E+00  0.0000E+00  0.0000E+00  0.0000E+00
0.0000E+00  0.0000E+00  0.0000E+00  0.0000E+00  0.0000E+00  0.0000E+00
0.0000E+00  0.0000E+00  0.0000E+00  0.0000E+00  0.0000E+00  0.0000E+00
0.0000E+00  0.0000E+00  0.0000E+00  0.0000E+00  0.0000E+00  0.0000E+00
0.0000E+00  0.0000E+00  0.0000E+00  0.0000E+00  0.0000E+00  0.0000E+00

r = 
0.0000E+00  0.0000E+00  0.0000E+00  0.0000E+00  0.0000E+00  0.0000E+00
0.0000E+00  7.5000E-05  0.0000E+00  0.0000E+00  0.0000E+00  0.0000E+00
0.0000E+00  0.0000E+00  0.0000E+00  0.0000E+00  0.0000E+00  0.0000E+00
0.0000E+00  0.0000E+00  0.0000E+00  0.0000E+00  0.0000E+00  0.0000E+00
0.0000E+00  0.0000E+00  0.0000E+00  0.0000E+00  0.0000E+00  0.0000E+00
0.0000E+00  0.0000E+00  0.0000E+00  0.0000E+00  0.0000E+00  0.0000E+00


Layer3 = 

c = 
4.8423E+10  3.4223E+10  -3.5441E+10  0.0000E+00  0.0000E+00
3.4223E+10  4.8423E+10  -3.5441E+10  0.0000E+00  0.0000E+00
-3.5441E+10  -3.5441E+10  3.8608E+10  0.0000E+00  0.0000E+00
0.0000E+00  0.0000E+00  0.0000E+00  4.0000E+09  -1.9167E+09
0.0000E+00  0.0000E+00  0.0000E+00  -1.9167E+09  4.0000E+09

eM = 
0.0000E+00  0.0000E+00  0.0000E+00  0.0000E+00  0.0000E+00
0.0000E+00  0.0000E+00  0.0000E+00  0.0000E+00  0.0000E+00
-9.3390E-01  -9.3390E-01  8.0098E-01  0.0000E+00  0.0000E+00
0.0000E+00  0.0000E+00  0.0000E+00  0.0000E+00  0.0000E+00
0.0000E+00  0.0000E+00  0.0000E+00  0.0000E+00  0.0000E+00
0.0000E+00  0.0000E+00  0.0000E+00  0.0000E+00  0.0000E+00

gM = 
0.0000E+00  0.0000E+00  0.0000E+00  0.0000E+00  0.0000E+00  0.0000E+00
0.0000E+00  0.0000E+00  0.0000E+00  0.0000E+00  0.0000E+00  0.0000E+00
0.0000E+00  0.0000E+00  7.5408E-09  0.0000E+00  0.0000E+00  0.0000E+00
0.0000E+00  0.0000E+00  0.0000E+00  0.0000E+00  0.0000E+00  0.0000E+00
0.0000E+00  0.0000E+00  0.0000E+00  0.0000E+00  0.0000E+00  0.0000E+00
0.0000E+00  0.0000E+00  0.0000E+00  0.0000E+00  0.0000E+00  0.0000E+00

q = 
0.0000E+00  0.0000E+00  0.0000E+00  0.0000E+00  0.0000E+00
0.0000E+00  0.0000E+00  0.0000E+00  0.0000E+00  0.0000E+00
2.0000E+02  2.0000E+02  0.0000E+00  0.0000E+00  0.0000E+00
0.0000E+00  0.0000E+00  0.0000E+00  0.0000E+00  0.0000E+00
0.0000E+00  0.0000E+00  0.0000E+00  0.0000E+00  0.0000E+00
0.0000E+00  0.0000E+00  0.0000E+00  0.0000E+00  0.0000E+00

Alphat = 
1.0000E+00  1.0000E+00  0.0000E+00  0.0000E+00  0.0000E+00  
PyroE = 
1.0000E+00

PyroM = 
1.0000E+00

HC = 
1.0000E+00

k = 
0.0000E+00  0.0000E+00  0.0000E+00  0.0000E+00  0.0000E+00  0.0000E+00
0.0000E+00  0.0000E+00  0.0000E+00  0.0000E+00  0.0000E+00  0.0000E+00
0.0000E+00  0.0000E+00  2.5000E-09  0.0000E+00  0.0000E+00  0.0000E+00
0.0000E+00  0.0000E+00  0.0000E+00  0.0000E+00  0.0000E+00  0.0000E+00
0.0000E+00  0.0000E+00  0.0000E+00  0.0000E+00  0.0000E+00  0.0000E+00
0.0000E+00  0.0000E+00  0.0000E+00  0.0000E+00  0.0000E+00  0.0000E+00

r = 
0.0000E+00  0.0000E+00  0.0000E+00  0.0000E+00  0.0000E+00  0.0000E+00
0.0000E+00  0.0000E+00  0.0000E+00  0.0000E+00  0.0000E+00  0.0000E+00
0.0000E+00  0.0000E+00  7.5000E-05  0.0000E+00  0.0000E+00  0.0000E+00
0.0000E+00  0.0000E+00  0.0000E+00  0.0000E+00  0.0000E+00  0.0000E+00
0.0000E+00  0.0000E+00  0.0000E+00  0.0000E+00  0.0000E+00  0.0000E+00
0.0000E+00  0.0000E+00  0.0000E+00  0.0000E+00  0.0000E+00  0.0000E+00


Layer4 = 

c = 
4.8423E+10  3.4223E+10  -3.5441E+10  0.0000E+00  0.0000E+00
3.4223E+10  4.8423E+10  -3.5441E+10  0.0000E+00  0.0000E+00
-3.5441E+10  -3.5441E+10  3.8608E+10  0.0000E+00  0.0000E+00
0.0000E+00  0.0000E+00  0.0000E+00  4.0000E+09  -1.9167E+09
0.0000E+00  0.0000E+00  0.0000E+00  -1.9167E+09  4.0000E+09

eM = 
0.0000E+00  0.0000E+00  0.0000E+00  0.0000E+00  0.0000E+00
0.0000E+00  0.0000E+00  0.0000E+00  0.0000E+00  0.0000E+00
0.0000E+00  0.0000E+00  0.0000E+00  0.0000E+00  0.0000E+00
-9.3390E-01  -9.3390E-01  8.0098E-01  0.0000E+00  0.0000E+00
0.0000E+00  0.0000E+00  0.0000E+00  0.0000E+00  0.0000E+00
0.0000E+00  0.0000E+00  0.0000E+00  0.0000E+00  0.0000E+00

gM = 
0.0000E+00  0.0000E+00  0.0000E+00  0.0000E+00  0.0000E+00  0.0000E+00
0.0000E+00  0.0000E+00  0.0000E+00  0.0000E+00  0.0000E+00  0.0000E+00
0.0000E+00  0.0000E+00  0.0000E+00  0.0000E+00  0.0000E+00  0.0000E+00
0.0000E+00  0.0000E+00  0.0000E+00  7.5408E-09  0.0000E+00  0.0000E+00
0.0000E+00  0.0000E+00  0.0000E+00  0.0000E+00  0.0000E+00  0.0000E+00
0.0000E+00  0.0000E+00  0.0000E+00  0.0000E+00  0.0000E+00  0.0000E+00

q = 
0.0000E+00  0.0000E+00  0.0000E+00  0.0000E+00  0.0000E+00
0.0000E+00  0.0000E+00  0.0000E+00  0.0000E+00  0.0000E+00
0.0000E+00  0.0000E+00  0.0000E+00  0.0000E+00  0.0000E+00
2.0000E+02  2.0000E+02  0.0000E+00  0.0000E+00  0.0000E+00
0.0000E+00  0.0000E+00  0.0000E+00  0.0000E+00  0.0000E+00
0.0000E+00  0.0000E+00  0.0000E+00  0.0000E+00  0.0000E+00

Alphat = 
1.0000E+00  1.0000E+00  0.0000E+00  0.0000E+00  0.0000E+00  
PyroE = 
1.0000E+00

PyroM = 
1.0000E+00

HC = 
1.0000E+00

k = 
0.0000E+00  0.0000E+00  0.0000E+00  0.0000E+00  0.0000E+00  0.0000E+00
0.0000E+00  0.0000E+00  0.0000E+00  0.0000E+00  0.0000E+00  0.0000E+00
0.0000E+00  0.0000E+00  0.0000E+00  0.0000E+00  0.0000E+00  0.0000E+00
0.0000E+00  0.0000E+00  0.0000E+00  2.5000E-09  0.0000E+00  0.0000E+00
0.0000E+00  0.0000E+00  0.0000E+00  0.0000E+00  0.0000E+00  0.0000E+00
0.0000E+00  0.0000E+00  0.0000E+00  0.0000E+00  0.0000E+00  0.0000E+00

r = 
0.0000E+00  0.0000E+00  0.0000E+00  0.0000E+00  0.0000E+00  0.0000E+00
0.0000E+00  0.0000E+00  0.0000E+00  0.0000E+00  0.0000E+00  0.0000E+00
0.0000E+00  0.0000E+00  0.0000E+00  0.0000E+00  0.0000E+00  0.0000E+00
0.0000E+00  0.0000E+00  0.0000E+00  7.5000E-05  0.0000E+00  0.0000E+00
0.0000E+00  0.0000E+00  0.0000E+00  0.0000E+00  0.0000E+00  0.0000E+00
0.0000E+00  0.0000E+00  0.0000E+00  0.0000E+00  0.0000E+00  0.0000E+00


Layer5 = 

c = 
4.8423E+10  3.4223E+10  3.5441E+10  0.0000E+00  0.0000E+00
3.4223E+10  4.8423E+10  3.5441E+10  0.0000E+00  0.0000E+00
3.5441E+10  3.5441E+10  3.8608E+10  0.0000E+00  0.0000E+00
0.0000E+00  0.0000E+00  0.0000E+00  4.0000E+09  1.9167E+09
0.0000E+00  0.0000E+00  0.0000E+00  1.9167E+09  4.0000E+09

eM = 
0.0000E+00  0.0000E+00  0.0000E+00  0.0000E+00  0.0000E+00
0.0000E+00  0.0000E+00  0.0000E+00  0.0000E+00  0.0000E+00
0.0000E+00  0.0000E+00  0.0000E+00  0.0000E+00  0.0000E+00
0.0000E+00  0.0000E+00  0.0000E+00  0.0000E+00  0.0000E+00
-9.3390E-01  -9.3390E-01  -8.0098E-01  0.0000E+00  0.0000E+00
0.0000E+00  0.0000E+00  0.0000E+00  0.0000E+00  0.0000E+00

gM = 
0.0000E+00  0.0000E+00  0.0000E+00  0.0000E+00  0.0000E+00  0.0000E+00
0.0000E+00  0.0000E+00  0.0000E+00  0.0000E+00  0.0000E+00  0.0000E+00
0.0000E+00  0.0000E+00  0.0000E+00  0.0000E+00  0.0000E+00  0.0000E+00
0.0000E+00  0.0000E+00  0.0000E+00  0.0000E+00  0.0000E+00  0.0000E+00
0.0000E+00  0.0000E+00  0.0000E+00  0.0000E+00  7.5408E-09  0.0000E+00
0.0000E+00  0.0000E+00  0.0000E+00  0.0000E+00  0.0000E+00  0.0000E+00

q = 
0.0000E+00  0.0000E+00  0.0000E+00  0.0000E+00  0.0000E+00
0.0000E+00  0.0000E+00  0.0000E+00  0.0000E+00  0.0000E+00
0.0000E+00  0.0000E+00  0.0000E+00  0.0000E+00  0.0000E+00
0.0000E+00  0.0000E+00  0.0000E+00  0.0000E+00  0.0000E+00
2.0000E+02  2.0000E+02  0.0000E+00  0.0000E+00  0.0000E+00
0.0000E+00  0.0000E+00  0.0000E+00  0.0000E+00  0.0000E+00

Alphat = 
1.0000E+00  1.0000E+00  0.0000E+00  0.0000E+00  0.0000E+00  
PyroE = 
1.0000E+00

PyroM = 
1.0000E+00

HC = 
1.0000E+00

k = 
0.0000E+00  0.0000E+00  0.0000E+00  0.0000E+00  0.0000E+00  0.0000E+00
0.0000E+00  0.0000E+00  0.0000E+00  0.0000E+00  0.0000E+00  0.0000E+00
0.0000E+00  0.0000E+00  0.0000E+00  0.0000E+00  0.0000E+00  0.0000E+00
0.0000E+00  0.0000E+00  0.0000E+00  0.0000E+00  0.0000E+00  0.0000E+00
0.0000E+00  0.0000E+00  0.0000E+00  0.0000E+00  2.5000E-09  0.0000E+00
0.0000E+00  0.0000E+00  0.0000E+00  0.0000E+00  0.0000E+00  0.0000E+00

r = 
0.0000E+00  0.0000E+00  0.0000E+00  0.0000E+00  0.0000E+00  0.0000E+00
0.0000E+00  0.0000E+00  0.0000E+00  0.0000E+00  0.0000E+00  0.0000E+00
0.0000E+00  0.0000E+00  0.0000E+00  0.0000E+00  0.0000E+00  0.0000E+00
0.0000E+00  0.0000E+00  0.0000E+00  0.0000E+00  0.0000E+00  0.0000E+00
0.0000E+00  0.0000E+00  0.0000E+00  0.0000E+00  7.5000E-05  0.0000E+00
0.0000E+00  0.0000E+00  0.0000E+00  0.0000E+00  0.0000E+00  0.0000E+00


Layer6 = 

c = 
2.0072E+11  1.1039E+11  0.0000E+00  0.0000E+00  0.0000E+00
1.1039E+11  2.0072E+11  0.0000E+00  0.0000E+00  0.0000E+00
0.0000E+00  0.0000E+00  4.5000E+10  0.0000E+00  0.0000E+00
0.0000E+00  0.0000E+00  0.0000E+00  4.5000E+10  0.0000E+00
0.0000E+00  0.0000E+00  0.0000E+00  0.0000E+00  4.5000E+10

eM = 
0.0000E+00  0.0000E+00  0.0000E+00  0.0000E+00  0.0000E+00
0.0000E+00  0.0000E+00  0.0000E+00  0.0000E+00  0.0000E+00
0.0000E+00  0.0000E+00  0.0000E+00  0.0000E+00  0.0000E+00
0.0000E+00  0.0000E+00  0.0000E+00  0.0000E+00  0.0000E+00
0.0000E+00  0.0000E+00  0.0000E+00  0.0000E+00  0.0000E+00
-3.5156E+00  -3.5156E+00  0.0000E+00  0.0000E+00  0.0000E+00

gM = 
0.0000E+00  0.0000E+00  0.0000E+00  0.0000E+00  0.0000E+00  0.0000E+00
0.0000E+00  0.0000E+00  0.0000E+00  0.0000E+00  0.0000E+00  0.0000E+00
0.0000E+00  0.0000E+00  0.0000E+00  0.0000E+00  0.0000E+00  0.0000E+00
0.0000E+00  0.0000E+00  0.0000E+00  0.0000E+00  0.0000E+00  0.0000E+00
0.0000E+00  0.0000E+00  0.0000E+00  0.0000E+00  0.0000E+00  0.0000E+00
0.0000E+00  0.0000E+00  0.0000E+00  0.0000E+00  0.0000E+00  7.5005E-09

q = 
0.0000E+00  0.0000E+00  0.0000E+00  0.0000E+00  0.0000E+00
0.0000E+00  0.0000E+00  0.0000E+00  0.0000E+00  0.0000E+00
0.0000E+00  0.0000E+00  0.0000E+00  0.0000E+00  0.0000E+00
0.0000E+00  0.0000E+00  0.0000E+00  0.0000E+00  0.0000E+00
0.0000E+00  0.0000E+00  0.0000E+00  0.0000E+00  0.0000E+00
2.0000E+02  2.0000E+02  0.0000E+00  0.0000E+00  0.0000E+00

Alphat = 
1.0000E+00  1.0000E+00  0.0000E+00  0.0000E+00  0.0000E+00  
PyroE = 
1.0000E+00

PyroM = 
1.0000E+00

HC = 
1.0000E+00

k = 
0.0000E+00  0.0000E+00  0.0000E+00  0.0000E+00  0.0000E+00  0.0000E+00
0.0000E+00  0.0000E+00  0.0000E+00  0.0000E+00  0.0000E+00  0.0000E+00
0.0000E+00  0.0000E+00  0.0000E+00  0.0000E+00  0.0000E+00  0.0000E+00
0.0000E+00  0.0000E+00  0.0000E+00  0.0000E+00  0.0000E+00  0.0000E+00
0.0000E+00  0.0000E+00  0.0000E+00  0.0000E+00  0.0000E+00  0.0000E+00
0.0000E+00  0.0000E+00  0.0000E+00  0.0000E+00  0.0000E+00  2.5000E-09

r = 
0.0000E+00  0.0000E+00  0.0000E+00  0.0000E+00  0.0000E+00  0.0000E+00
0.0000E+00  0.0000E+00  0.0000E+00  0.0000E+00  0.0000E+00  0.0000E+00
0.0000E+00  0.0000E+00  0.0000E+00  0.0000E+00  0.0000E+00  0.0000E+00
0.0000E+00  0.0000E+00  0.0000E+00  0.0000E+00  0.0000E+00  0.0000E+00
0.0000E+00  0.0000E+00  0.0000E+00  0.0000E+00  0.0000E+00  0.0000E+00
0.0000E+00  0.0000E+00  0.0000E+00  0.0000E+00  0.0000E+00  7.5000E-05


