*************************************************************************************************************
Input file

*************************************************************************************************************
NodePerElem, DOFPerNodeM, DOFPerSmtLayE，DOFPerMEELay
-------------------------------------------------------------------------------------------------------------
ELEMENTINFO START
8	5	1
ELEMENTINFO END

*************************************************************************************************************
Shell Type: 1: PLATE, 2: CYLINDER, 3: SPHERE
Theory: 1: RVK5, 2: MRT5, 3: LRT5
-------------------------------------------------------------------------------------------------------------
SHELL-THEORY START
PLATE
LRT5
MFC
SHELL-THEORY END
*************************************************************************************************************
Layer Index,
1   2      3      4       5      6          7        8     9      10    11     12     13     14    15       16            17         18           19         20               21          22            23          24        25
    E1,  E2,  v12,  v23,   G12, G13,  G23  ,d31,  d32 , Angel, HE, q31 ,    q32 ,     g33 ,    k33 ,   r33  ,     A1   ,      A2   ,   PyroE,      PyroM   ,   Density  ,  zC1,    zC2,   IsSmtLay																				
-------------------------------------------------------------------------------------------------------------
MATERIAL START
1	1.35E+11	1.35E+11	3.47E-01	0.00E+00	5.00E+10	5.40E+10	5.40E+10	-1.09E-11	-1.09E-11	0.00E+00	5.00E-02	3.50E+02	3.50E+02	6.30E-09	2.60E-09	9.00E-05	1.23E-05	1.23E-05	-7.80E-07	-2.30E-04	1.00E+00	5.55E+03	-5.00E-02	0.00E+00	2
2	1.35E+11	1.35E+11	3.47E-01	0.00E+00	5.00E+10	5.40E+10	5.40E+10	-1.09E-11	-1.09E-11	0.00E+00	5.00E-02	3.50E+02	3.50E+02	6.30E-09	2.60E-09	9.00E-05	1.23E-05	1.23E-05	-7.80E-07	-2.30E-04	1.00E+00	5.55E+03	0.00E+00	5.00E-02	2
MATERIAL END
*************************************************************************************************************
Element order, 8 nodes, 2 layers
-------------------------------------------------------------------------------------------------------------
ELEMENT START
1	18	20	3	12	19	13	2	1	1	0	0	0	0	0	0	0	0	0	0	0	0	0	0	0	0	0	0
3	20	22	5	13	21	14	4	1	1	0	0	0	0	0	0	0	0	0	0	0	0	0	0	0	0	0	0
5	22	24	7	14	23	15	6	1	1	0	0	0	0	0	0	0	0	0	0	0	0	0	0	0	0	0	0
7	24	26	9	15	25	16	8	1	1	0	0	0	0	0	0	0	0	0	0	0	0	0	0	0	0	0	0
9	26	28	11	16	27	17	10	1	1	0	0	0	0	0	0	0	0	0	0	0	0	0	0	0	0	0	0
18	35	37	20	29	36	30	19	1	1	0	0	0	0	0	0	0	0	0	0	0	0	0	0	0	0	0	0
20	37	39	22	30	38	31	21	1	1	0	0	0	0	0	0	0	0	0	0	0	0	0	0	0	0	0	0
22	39	41	24	31	40	32	23	1	1	0	0	0	0	0	0	0	0	0	0	0	0	0	0	0	0	0	0
24	41	43	26	32	42	33	25	1	1	0	0	0	0	0	0	0	0	0	0	0	0	0	0	0	0	0	0
26	43	45	28	33	44	34	27	1	1	0	0	0	0	0	0	0	0	0	0	0	0	0	0	0	0	0	0
35	52	54	37	46	53	47	36	1	1	0	0	0	0	0	0	0	0	0	0	0	0	0	0	0	0	0	0
37	54	56	39	47	55	48	38	1	1	0	0	0	0	0	0	0	0	0	0	0	0	0	0	0	0	0	0
39	56	58	41	48	57	49	40	1	1	0	0	0	0	0	0	0	0	0	0	0	0	0	0	0	0	0	0
41	58	60	43	49	59	50	42	1	1	0	0	0	0	0	0	0	0	0	0	0	0	0	0	0	0	0	0
43	60	62	45	50	61	51	44	1	1	0	0	0	0	0	0	0	0	0	0	0	0	0	0	0	0	0	0
52	69	71	54	63	70	64	53	1	1	0	0	0	0	0	0	0	0	0	0	0	0	0	0	0	0	0	0
54	71	73	56	64	72	65	55	1	1	0	0	0	0	0	0	0	0	0	0	0	0	0	0	0	0	0	0
56	73	75	58	65	74	66	57	1	1	0	0	0	0	0	0	0	0	0	0	0	0	0	0	0	0	0	0
58	75	77	60	66	76	67	59	1	1	0	0	0	0	0	0	0	0	0	0	0	0	0	0	0	0	0	0
60	77	79	62	67	78	68	61	1	1	0	0	0	0	0	0	0	0	0	0	0	0	0	0	0	0	0	0
69	86	88	71	80	87	81	70	1	1	0	0	0	0	0	0	0	0	0	0	0	0	0	0	0	0	0	0
71	88	90	73	81	89	82	72	1	1	0	0	0	0	0	0	0	0	0	0	0	0	0	0	0	0	0	0
73	90	92	75	82	91	83	74	1	1	0	0	0	0	0	0	0	0	0	0	0	0	0	0	0	0	0	0
75	92	94	77	83	93	84	76	1	1	0	0	0	0	0	0	0	0	0	0	0	0	0	0	0	0	0	0
77	94	96	79	84	95	85	78	1	1	0	0	0	0	0	0	0	0	0	0	0	0	0	0	0	0	0	0
86	103	105	88	97	104	98	87	1	1	0	0	0	0	0	0	0	0	0	0	0	0	0	0	0	0	0	0
88	105	107	90	98	106	99	89	1	1	0	0	0	0	0	0	0	0	0	0	0	0	0	0	0	0	0	0
90	107	109	92	99	108	100	91	1	1	0	0	0	0	0	0	0	0	0	0	0	0	0	0	0	0	0	0
92	109	111	94	100	110	101	93	1	1	0	0	0	0	0	0	0	0	0	0	0	0	0	0	0	0	0	0
94	111	113	96	101	112	102	95	1	1	0	0	0	0	0	0	0	0	0	0	0	0	0	0	0	0	0	0
103	120	122	105	114	121	115	104	1	1	0	0	0	0	0	0	0	0	0	0	0	0	0	0	0	0	0	0
105	122	124	107	115	123	116	106	1	1	0	0	0	0	0	0	0	0	0	0	0	0	0	0	0	0	0	0
107	124	126	109	116	125	117	108	1	1	0	0	0	0	0	0	0	0	0	0	0	0	0	0	0	0	0	0
109	126	128	111	117	127	118	110	1	1	0	0	0	0	0	0	0	0	0	0	0	0	0	0	0	0	0	0
111	128	130	113	118	129	119	112	1	1	0	0	0	0	0	0	0	0	0	0	0	0	0	0	0	0	0	0
120	137	139	122	131	138	132	121	1	1	0	0	0	0	0	0	0	0	0	0	0	0	0	0	0	0	0	0
122	139	141	124	132	140	133	123	1	1	0	0	0	0	0	0	0	0	0	0	0	0	0	0	0	0	0	0
124	141	143	126	133	142	134	125	1	1	0	0	0	0	0	0	0	0	0	0	0	0	0	0	0	0	0	0
126	143	145	128	134	144	135	127	1	1	0	0	0	0	0	0	0	0	0	0	0	0	0	0	0	0	0	0
128	145	147	130	135	146	136	129	1	1	0	0	0	0	0	0	0	0	0	0	0	0	0	0	0	0	0	0
137	154	156	139	148	155	149	138	1	1	0	0	0	0	0	0	0	0	0	0	0	0	0	0	0	0	0	0
139	156	158	141	149	157	150	140	1	1	0	0	0	0	0	0	0	0	0	0	0	0	0	0	0	0	0	0
141	158	160	143	150	159	151	142	1	1	0	0	0	0	0	0	0	0	0	0	0	0	0	0	0	0	0	0
143	160	162	145	151	161	152	144	1	1	0	0	0	0	0	0	0	0	0	0	0	0	0	0	0	0	0	0
145	162	164	147	152	163	153	146	1	1	0	0	0	0	0	0	0	0	0	0	0	0	0	0	0	0	0	0
154	171	173	156	165	172	166	155	1	1	0	0	0	0	0	0	0	0	0	0	0	0	0	0	0	0	0	0
156	173	175	158	166	174	167	157	1	1	0	0	0	0	0	0	0	0	0	0	0	0	0	0	0	0	0	0
158	175	177	160	167	176	168	159	1	1	0	0	0	0	0	0	0	0	0	0	0	0	0	0	0	0	0	0
160	177	179	162	168	178	169	161	1	1	0	0	0	0	0	0	0	0	0	0	0	0	0	0	0	0	0	0
162	179	181	164	169	180	170	163	1	1	0	0	0	0	0	0	0	0	0	0	0	0	0	0	0	0	0	0
171	188	190	173	182	189	183	172	1	1	0	0	0	0	0	0	0	0	0	0	0	0	0	0	0	0	0	0
173	190	192	175	183	191	184	174	1	1	0	0	0	0	0	0	0	0	0	0	0	0	0	0	0	0	0	0
175	192	194	177	184	193	185	176	1	1	0	0	0	0	0	0	0	0	0	0	0	0	0	0	0	0	0	0
177	194	196	179	185	195	186	178	1	1	0	0	0	0	0	0	0	0	0	0	0	0	0	0	0	0	0	0
179	196	198	181	186	197	187	180	1	1	0	0	0	0	0	0	0	0	0	0	0	0	0	0	0	0	0	0
188	205	207	190	199	206	200	189	1	1	0	0	0	0	0	0	0	0	0	0	0	0	0	0	0	0	0	0
190	207	209	192	200	208	201	191	1	1	0	0	0	0	0	0	0	0	0	0	0	0	0	0	0	0	0	0
192	209	211	194	201	210	202	193	1	1	0	0	0	0	0	0	0	0	0	0	0	0	0	0	0	0	0	0
194	211	213	196	202	212	203	195	1	1	0	0	0	0	0	0	0	0	0	0	0	0	0	0	0	0	0	0
196	213	215	198	203	214	204	197	1	1	0	0	0	0	0	0	0	0	0	0	0	0	0	0	0	0	0	0
205	222	224	207	216	223	217	206	1	1	0	0	0	0	0	0	0	0	0	0	0	0	0	0	0	0	0	0
207	224	226	209	217	225	218	208	1	1	0	0	0	0	0	0	0	0	0	0	0	0	0	0	0	0	0	0
209	226	228	211	218	227	219	210	1	1	0	0	0	0	0	0	0	0	0	0	0	0	0	0	0	0	0	0
211	228	230	213	219	229	220	212	1	1	0	0	0	0	0	0	0	0	0	0	0	0	0	0	0	0	0	0
213	230	232	215	220	231	221	214	1	1	0	0	0	0	0	0	0	0	0	0	0	0	0	0	0	0	0	0
222	239	241	224	233	240	234	223	1	1	0	0	0	0	0	0	0	0	0	0	0	0	0	0	0	0	0	0
224	241	243	226	234	242	235	225	1	1	0	0	0	0	0	0	0	0	0	0	0	0	0	0	0	0	0	0
226	243	245	228	235	244	236	227	1	1	0	0	0	0	0	0	0	0	0	0	0	0	0	0	0	0	0	0
228	245	247	230	236	246	237	229	1	1	0	0	0	0	0	0	0	0	0	0	0	0	0	0	0	0	0	0
230	247	249	232	237	248	238	231	1	1	0	0	0	0	0	0	0	0	0	0	0	0	0	0	0	0	0	0
239	256	258	241	250	257	251	240	1	1	0	0	0	0	0	0	0	0	0	0	0	0	0	0	0	0	0	0
241	258	260	243	251	259	252	242	1	1	0	0	0	0	0	0	0	0	0	0	0	0	0	0	0	0	0	0
243	260	262	245	252	261	253	244	1	1	0	0	0	0	0	0	0	0	0	0	0	0	0	0	0	0	0	0
245	262	264	247	253	263	254	246	1	1	0	0	0	0	0	0	0	0	0	0	0	0	0	0	0	0	0	0
247	264	266	249	254	265	255	248	1	1	0	0	0	0	0	0	0	0	0	0	0	0	0	0	0	0	0	0
256	273	275	258	267	274	268	257	1	1	0	0	0	0	0	0	0	0	0	0	0	0	0	0	0	0	0	0
258	275	277	260	268	276	269	259	1	1	0	0	0	0	0	0	0	0	0	0	0	0	0	0	0	0	0	0
260	277	279	262	269	278	270	261	1	1	0	0	0	0	0	0	0	0	0	0	0	0	0	0	0	0	0	0
262	279	281	264	270	280	271	263	1	1	0	0	0	0	0	0	0	0	0	0	0	0	0	0	0	0	0	0
264	281	283	266	271	282	272	265	1	1	0	0	0	0	0	0	0	0	0	0	0	0	0	0	0	0	0	0
273	290	292	275	284	291	285	274	1	1	0	0	0	0	0	0	0	0	0	0	0	0	0	0	0	0	0	0
275	292	294	277	285	293	286	276	1	1	0	0	0	0	0	0	0	0	0	0	0	0	0	0	0	0	0	0
277	294	296	279	286	295	287	278	1	1	0	0	0	0	0	0	0	0	0	0	0	0	0	0	0	0	0	0
279	296	298	281	287	297	288	280	1	1	0	0	0	0	0	0	0	0	0	0	0	0	0	0	0	0	0	0
281	298	300	283	288	299	289	282	1	1	0	0	0	0	0	0	0	0	0	0	0	0	0	0	0	0	0	0
290	307	309	292	301	308	302	291	1	1	0	0	0	0	0	0	0	0	0	0	0	0	0	0	0	0	0	0
292	309	311	294	302	310	303	293	1	1	0	0	0	0	0	0	0	0	0	0	0	0	0	0	0	0	0	0
294	311	313	296	303	312	304	295	1	1	0	0	0	0	0	0	0	0	0	0	0	0	0	0	0	0	0	0
296	313	315	298	304	314	305	297	1	1	0	0	0	0	0	0	0	0	0	0	0	0	0	0	0	0	0	0
298	315	317	300	305	316	306	299	1	1	0	0	0	0	0	0	0	0	0	0	0	0	0	0	0	0	0	0
307	324	326	309	318	325	319	308	1	1	0	0	0	0	0	0	0	0	0	0	0	0	0	0	0	0	0	0
309	326	328	311	319	327	320	310	1	1	0	0	0	0	0	0	0	0	0	0	0	0	0	0	0	0	0	0
311	328	330	313	320	329	321	312	1	1	0	0	0	0	0	0	0	0	0	0	0	0	0	0	0	0	0	0
313	330	332	315	321	331	322	314	1	1	0	0	0	0	0	0	0	0	0	0	0	0	0	0	0	0	0	0
315	332	334	317	322	333	323	316	1	1	0	0	0	0	0	0	0	0	0	0	0	0	0	0	0	0	0	0
324	341	343	326	335	342	336	325	1	1	0	0	0	0	0	0	0	0	0	0	0	0	0	0	0	0	0	0
326	343	345	328	336	344	337	327	1	1	0	0	0	0	0	0	0	0	0	0	0	0	0	0	0	0	0	0
328	345	347	330	337	346	338	329	1	1	0	0	0	0	0	0	0	0	0	0	0	0	0	0	0	0	0	0
330	347	349	332	338	348	339	331	1	1	0	0	0	0	0	0	0	0	0	0	0	0	0	0	0	0	0	0
332	349	351	334	339	350	340	333	1	1	0	0	0	0	0	0	0	0	0	0	0	0	0	0	0	0	0	0
ELEMENT END
*************************************************************************************************************
Node index, xG=xC,   yG=yC,     zG, Mechanical Dofs (6), Electrical Dofs (1),MEE Dofs (1)
-------------------------------------------------------------------------------------------------------------
NODE START
1	0	0	0	1	1	1	1	1	0	0	0
2	0	0.01	0	1	1	1	1	1	0	0	0
3	0	0.02	0	1	1	1	1	1	0	0	0
4	0	0.03	0	1	1	1	1	1	0	0	0
5	0	0.04	0	1	1	1	1	1	0	0	0
6	0	0.05	0	1	1	1	1	1	0	0	0
7	0	0.06	0	1	1	1	1	1	0	0	0
8	0	0.07	0	1	1	1	1	1	0	0	0
9	0	0.08	0	1	1	1	1	1	0	0	0
10	0	0.09	0	1	1	1	1	1	0	0	0
11	0	0.1	0	1	1	1	1	1	0	0	0
12	0.025	0	0	0	0	0	0	0	0	0	0
13	0.025	0.02	0	0	0	0	0	0	0	0	0
14	0.025	0.04	0	0	0	0	0	0	0	0	0
15	0.025	0.06	0	0	0	0	0	0	0	0	0
16	0.025	0.08	0	0	0	0	0	0	0	0	0
17	0.025	0.1	0	0	0	0	0	0	0	0	0
18	0.05	0	0	0	0	0	0	0	0	0	0
19	0.05	0.01	0	0	0	0	0	0	0	0	0
20	0.05	0.02	0	0	0	0	0	0	0	0	0
21	0.05	0.03	0	0	0	0	0	0	0	0	0
22	0.05	0.04	0	0	0	0	0	0	0	0	0
23	0.05	0.05	0	0	0	0	0	0	0	0	0
24	0.05	0.06	0	0	0	0	0	0	0	0	0
25	0.05	0.07	0	0	0	0	0	0	0	0	0
26	0.05	0.08	0	0	0	0	0	0	0	0	0
27	0.05	0.09	0	0	0	0	0	0	0	0	0
28	0.05	0.1	0	0	0	0	0	0	0	0	0
29	0.075	0	0	0	0	0	0	0	0	0	0
30	0.075	0.02	0	0	0	0	0	0	0	0	0
31	0.075	0.04	0	0	0	0	0	0	0	0	0
32	0.075	0.06	0	0	0	0	0	0	0	0	0
33	0.075	0.08	0	0	0	0	0	0	0	0	0
34	0.075	0.1	0	0	0	0	0	0	0	0	0
35	0.1	0	0	0	0	0	0	0	0	0	0
36	0.1	0.01	0	0	0	0	0	0	0	0	0
37	0.1	0.02	0	0	0	0	0	0	0	0	0
38	0.1	0.03	0	0	0	0	0	0	0	0	0
39	0.1	0.04	0	0	0	0	0	0	0	0	0
40	0.1	0.05	0	0	0	0	0	0	0	0	0
41	0.1	0.06	0	0	0	0	0	0	0	0	0
42	0.1	0.07	0	0	0	0	0	0	0	0	0
43	0.1	0.08	0	0	0	0	0	0	0	0	0
44	0.1	0.09	0	0	0	0	0	0	0	0	0
45	0.1	0.1	0	0	0	0	0	0	0	0	0
46	0.125	0	0	0	0	0	0	0	0	0	0
47	0.125	0.02	0	0	0	0	0	0	0	0	0
48	0.125	0.04	0	0	0	0	0	0	0	0	0
49	0.125	0.06	0	0	0	0	0	0	0	0	0
50	0.125	0.08	0	0	0	0	0	0	0	0	0
51	0.125	0.1	0	0	0	0	0	0	0	0	0
52	0.15	0	0	0	0	0	0	0	0	0	0
53	0.15	0.01	0	0	0	0	0	0	0	0	0
54	0.15	0.02	0	0	0	0	0	0	0	0	0
55	0.15	0.03	0	0	0	0	0	0	0	0	0
56	0.15	0.04	0	0	0	0	0	0	0	0	0
57	0.15	0.05	0	0	0	0	0	0	0	0	0
58	0.15	0.06	0	0	0	0	0	0	0	0	0
59	0.15	0.07	0	0	0	0	0	0	0	0	0
60	0.15	0.08	0	0	0	0	0	0	0	0	0
61	0.15	0.09	0	0	0	0	0	0	0	0	0
62	0.15	0.1	0	0	0	0	0	0	0	0	0
63	0.175	0	0	0	0	0	0	0	0	0	0
64	0.175	0.02	0	0	0	0	0	0	0	0	0
65	0.175	0.04	0	0	0	0	0	0	0	0	0
66	0.175	0.06	0	0	0	0	0	0	0	0	0
67	0.175	0.08	0	0	0	0	0	0	0	0	0
68	0.175	0.1	0	0	0	0	0	0	0	0	0
69	0.2	0	0	0	0	0	0	0	0	0	0
70	0.2	0.01	0	0	0	0	0	0	0	0	0
71	0.2	0.02	0	0	0	0	0	0	0	0	0
72	0.2	0.03	0	0	0	0	0	0	0	0	0
73	0.2	0.04	0	0	0	0	0	0	0	0	0
74	0.2	0.05	0	0	0	0	0	0	0	0	0
75	0.2	0.06	0	0	0	0	0	0	0	0	0
76	0.2	0.07	0	0	0	0	0	0	0	0	0
77	0.2	0.08	0	0	0	0	0	0	0	0	0
78	0.2	0.09	0	0	0	0	0	0	0	0	0
79	0.2	0.1	0	0	0	0	0	0	0	0	0
80	0.225	0	0	0	0	0	0	0	0	0	0
81	0.225	0.02	0	0	0	0	0	0	0	0	0
82	0.225	0.04	0	0	0	0	0	0	0	0	0
83	0.225	0.06	0	0	0	0	0	0	0	0	0
84	0.225	0.08	0	0	0	0	0	0	0	0	0
85	0.225	0.1	0	0	0	0	0	0	0	0	0
86	0.25	0	0	0	0	0	0	0	0	0	0
87	0.25	0.01	0	0	0	0	0	0	0	0	0
88	0.25	0.02	0	0	0	0	0	0	0	0	0
89	0.25	0.03	0	0	0	0	0	0	0	0	0
90	0.25	0.04	0	0	0	0	0	0	0	0	0
91	0.25	0.05	0	0	0	0	0	0	0	0	0
92	0.25	0.06	0	0	0	0	0	0	0	0	0
93	0.25	0.07	0	0	0	0	0	0	0	0	0
94	0.25	0.08	0	0	0	0	0	0	0	0	0
95	0.25	0.09	0	0	0	0	0	0	0	0	0
96	0.25	0.1	0	0	0	0	0	0	0	0	0
97	0.275	0	0	0	0	0	0	0	0	0	0
98	0.275	0.02	0	0	0	0	0	0	0	0	0
99	0.275	0.04	0	0	0	0	0	0	0	0	0
100	0.275	0.06	0	0	0	0	0	0	0	0	0
101	0.275	0.08	0	0	0	0	0	0	0	0	0
102	0.275	0.1	0	0	0	0	0	0	0	0	0
103	0.3	0	0	0	0	0	0	0	0	0	0
104	0.3	0.01	0	0	0	0	0	0	0	0	0
105	0.3	0.02	0	0	0	0	0	0	0	0	0
106	0.3	0.03	0	0	0	0	0	0	0	0	0
107	0.3	0.04	0	0	0	0	0	0	0	0	0
108	0.3	0.05	0	0	0	0	0	0	0	0	0
109	0.3	0.06	0	0	0	0	0	0	0	0	0
110	0.3	0.07	0	0	0	0	0	0	0	0	0
111	0.3	0.08	0	0	0	0	0	0	0	0	0
112	0.3	0.09	0	0	0	0	0	0	0	0	0
113	0.3	0.1	0	0	0	0	0	0	0	0	0
114	0.325	0	0	0	0	0	0	0	0	0	0
115	0.325	0.02	0	0	0	0	0	0	0	0	0
116	0.325	0.04	0	0	0	0	0	0	0	0	0
117	0.325	0.06	0	0	0	0	0	0	0	0	0
118	0.325	0.08	0	0	0	0	0	0	0	0	0
119	0.325	0.1	0	0	0	0	0	0	0	0	0
120	0.35	0	0	0	0	0	0	0	0	0	0
121	0.35	0.01	0	0	0	0	0	0	0	0	0
122	0.35	0.02	0	0	0	0	0	0	0	0	0
123	0.35	0.03	0	0	0	0	0	0	0	0	0
124	0.35	0.04	0	0	0	0	0	0	0	0	0
125	0.35	0.05	0	0	0	0	0	0	0	0	0
126	0.35	0.06	0	0	0	0	0	0	0	0	0
127	0.35	0.07	0	0	0	0	0	0	0	0	0
128	0.35	0.08	0	0	0	0	0	0	0	0	0
129	0.35	0.09	0	0	0	0	0	0	0	0	0
130	0.35	0.1	0	0	0	0	0	0	0	0	0
131	0.375	0	0	0	0	0	0	0	0	0	0
132	0.375	0.02	0	0	0	0	0	0	0	0	0
133	0.375	0.04	0	0	0	0	0	0	0	0	0
134	0.375	0.06	0	0	0	0	0	0	0	0	0
135	0.375	0.08	0	0	0	0	0	0	0	0	0
136	0.375	0.1	0	0	0	0	0	0	0	0	0
137	0.4	0	0	0	0	0	0	0	0	0	0
138	0.4	0.01	0	0	0	0	0	0	0	0	0
139	0.4	0.02	0	0	0	0	0	0	0	0	0
140	0.4	0.03	0	0	0	0	0	0	0	0	0
141	0.4	0.04	0	0	0	0	0	0	0	0	0
142	0.4	0.05	0	0	0	0	0	0	0	0	0
143	0.4	0.06	0	0	0	0	0	0	0	0	0
144	0.4	0.07	0	0	0	0	0	0	0	0	0
145	0.4	0.08	0	0	0	0	0	0	0	0	0
146	0.4	0.09	0	0	0	0	0	0	0	0	0
147	0.4	0.1	0	0	0	0	0	0	0	0	0
148	0.425	0	0	0	0	0	0	0	0	0	0
149	0.425	0.02	0	0	0	0	0	0	0	0	0
150	0.425	0.04	0	0	0	0	0	0	0	0	0
151	0.425	0.06	0	0	0	0	0	0	0	0	0
152	0.425	0.08	0	0	0	0	0	0	0	0	0
153	0.425	0.1	0	0	0	0	0	0	0	0	0
154	0.45	0	0	0	0	0	0	0	0	0	0
155	0.45	0.01	0	0	0	0	0	0	0	0	0
156	0.45	0.02	0	0	0	0	0	0	0	0	0
157	0.45	0.03	0	0	0	0	0	0	0	0	0
158	0.45	0.04	0	0	0	0	0	0	0	0	0
159	0.45	0.05	0	0	0	0	0	0	0	0	0
160	0.45	0.06	0	0	0	0	0	0	0	0	0
161	0.45	0.07	0	0	0	0	0	0	0	0	0
162	0.45	0.08	0	0	0	0	0	0	0	0	0
163	0.45	0.09	0	0	0	0	0	0	0	0	0
164	0.45	0.1	0	0	0	0	0	0	0	0	0
165	0.475	0	0	0	0	0	0	0	0	0	0
166	0.475	0.02	0	0	0	0	0	0	0	0	0
167	0.475	0.04	0	0	0	0	0	0	0	0	0
168	0.475	0.06	0	0	0	0	0	0	0	0	0
169	0.475	0.08	0	0	0	0	0	0	0	0	0
170	0.475	0.1	0	0	0	0	0	0	0	0	0
171	0.5	0	0	0	0	0	0	0	0	0	0
172	0.5	0.01	0	0	0	0	0	0	0	0	0
173	0.5	0.02	0	0	0	0	0	0	0	0	0
174	0.5	0.03	0	0	0	0	0	0	0	0	0
175	0.5	0.04	0	0	0	0	0	0	0	0	0
176	0.5	0.05	0	0	0	0	0	0	0	0	0
177	0.5	0.06	0	0	0	0	0	0	0	0	0
178	0.5	0.07	0	0	0	0	0	0	0	0	0
179	0.5	0.08	0	0	0	0	0	0	0	0	0
180	0.5	0.09	0	0	0	0	0	0	0	0	0
181	0.5	0.1	0	0	0	0	0	0	0	0	0
182	0.525	0	0	0	0	0	0	0	0	0	0
183	0.525	0.02	0	0	0	0	0	0	0	0	0
184	0.525	0.04	0	0	0	0	0	0	0	0	0
185	0.525	0.06	0	0	0	0	0	0	0	0	0
186	0.525	0.08	0	0	0	0	0	0	0	0	0
187	0.525	0.1	0	0	0	0	0	0	0	0	0
188	0.55	0	0	0	0	0	0	0	0	0	0
189	0.55	0.01	0	0	0	0	0	0	0	0	0
190	0.55	0.02	0	0	0	0	0	0	0	0	0
191	0.55	0.03	0	0	0	0	0	0	0	0	0
192	0.55	0.04	0	0	0	0	0	0	0	0	0
193	0.55	0.05	0	0	0	0	0	0	0	0	0
194	0.55	0.06	0	0	0	0	0	0	0	0	0
195	0.55	0.07	0	0	0	0	0	0	0	0	0
196	0.55	0.08	0	0	0	0	0	0	0	0	0
197	0.55	0.09	0	0	0	0	0	0	0	0	0
198	0.55	0.1	0	0	0	0	0	0	0	0	0
199	0.575	0	0	0	0	0	0	0	0	0	0
200	0.575	0.02	0	0	0	0	0	0	0	0	0
201	0.575	0.04	0	0	0	0	0	0	0	0	0
202	0.575	0.06	0	0	0	0	0	0	0	0	0
203	0.575	0.08	0	0	0	0	0	0	0	0	0
204	0.575	0.1	0	0	0	0	0	0	0	0	0
205	0.6	0	0	0	0	0	0	0	0	0	0
206	0.6	0.01	0	0	0	0	0	0	0	0	0
207	0.6	0.02	0	0	0	0	0	0	0	0	0
208	0.6	0.03	0	0	0	0	0	0	0	0	0
209	0.6	0.04	0	0	0	0	0	0	0	0	0
210	0.6	0.05	0	0	0	0	0	0	0	0	0
211	0.6	0.06	0	0	0	0	0	0	0	0	0
212	0.6	0.07	0	0	0	0	0	0	0	0	0
213	0.6	0.08	0	0	0	0	0	0	0	0	0
214	0.6	0.09	0	0	0	0	0	0	0	0	0
215	0.6	0.1	0	0	0	0	0	0	0	0	0
216	0.625	0	0	0	0	0	0	0	0	0	0
217	0.625	0.02	0	0	0	0	0	0	0	0	0
218	0.625	0.04	0	0	0	0	0	0	0	0	0
219	0.625	0.06	0	0	0	0	0	0	0	0	0
220	0.625	0.08	0	0	0	0	0	0	0	0	0
221	0.625	0.1	0	0	0	0	0	0	0	0	0
222	0.65	0	0	0	0	0	0	0	0	0	0
223	0.65	0.01	0	0	0	0	0	0	0	0	0
224	0.65	0.02	0	0	0	0	0	0	0	0	0
225	0.65	0.03	0	0	0	0	0	0	0	0	0
226	0.65	0.04	0	0	0	0	0	0	0	0	0
227	0.65	0.05	0	0	0	0	0	0	0	0	0
228	0.65	0.06	0	0	0	0	0	0	0	0	0
229	0.65	0.07	0	0	0	0	0	0	0	0	0
230	0.65	0.08	0	0	0	0	0	0	0	0	0
231	0.65	0.09	0	0	0	0	0	0	0	0	0
232	0.65	0.1	0	0	0	0	0	0	0	0	0
233	0.675	0	0	0	0	0	0	0	0	0	0
234	0.675	0.02	0	0	0	0	0	0	0	0	0
235	0.675	0.04	0	0	0	0	0	0	0	0	0
236	0.675	0.06	0	0	0	0	0	0	0	0	0
237	0.675	0.08	0	0	0	0	0	0	0	0	0
238	0.675	0.1	0	0	0	0	0	0	0	0	0
239	0.7	0	0	0	0	0	0	0	0	0	0
240	0.7	0.01	0	0	0	0	0	0	0	0	0
241	0.7	0.02	0	0	0	0	0	0	0	0	0
242	0.7	0.03	0	0	0	0	0	0	0	0	0
243	0.7	0.04	0	0	0	0	0	0	0	0	0
244	0.7	0.05	0	0	0	0	0	0	0	0	0
245	0.7	0.06	0	0	0	0	0	0	0	0	0
246	0.7	0.07	0	0	0	0	0	0	0	0	0
247	0.7	0.08	0	0	0	0	0	0	0	0	0
248	0.7	0.09	0	0	0	0	0	0	0	0	0
249	0.7	0.1	0	0	0	0	0	0	0	0	0
250	0.725	0	0	0	0	0	0	0	0	0	0
251	0.725	0.02	0	0	0	0	0	0	0	0	0
252	0.725	0.04	0	0	0	0	0	0	0	0	0
253	0.725	0.06	0	0	0	0	0	0	0	0	0
254	0.725	0.08	0	0	0	0	0	0	0	0	0
255	0.725	0.1	0	0	0	0	0	0	0	0	0
256	0.75	0	0	0	0	0	0	0	0	0	0
257	0.75	0.01	0	0	0	0	0	0	0	0	0
258	0.75	0.02	0	0	0	0	0	0	0	0	0
259	0.75	0.03	0	0	0	0	0	0	0	0	0
260	0.75	0.04	0	0	0	0	0	0	0	0	0
261	0.75	0.05	0	0	0	0	0	0	0	0	0
262	0.75	0.06	0	0	0	0	0	0	0	0	0
263	0.75	0.07	0	0	0	0	0	0	0	0	0
264	0.75	0.08	0	0	0	0	0	0	0	0	0
265	0.75	0.09	0	0	0	0	0	0	0	0	0
266	0.75	0.1	0	0	0	0	0	0	0	0	0
267	0.775	0	0	0	0	0	0	0	0	0	0
268	0.775	0.02	0	0	0	0	0	0	0	0	0
269	0.775	0.04	0	0	0	0	0	0	0	0	0
270	0.775	0.06	0	0	0	0	0	0	0	0	0
271	0.775	0.08	0	0	0	0	0	0	0	0	0
272	0.775	0.1	0	0	0	0	0	0	0	0	0
273	0.8	0	0	0	0	0	0	0	0	0	0
274	0.8	0.01	0	0	0	0	0	0	0	0	0
275	0.8	0.02	0	0	0	0	0	0	0	0	0
276	0.8	0.03	0	0	0	0	0	0	0	0	0
277	0.8	0.04	0	0	0	0	0	0	0	0	0
278	0.8	0.05	0	0	0	0	0	0	0	0	0
279	0.8	0.06	0	0	0	0	0	0	0	0	0
280	0.8	0.07	0	0	0	0	0	0	0	0	0
281	0.8	0.08	0	0	0	0	0	0	0	0	0
282	0.8	0.09	0	0	0	0	0	0	0	0	0
283	0.8	0.1	0	0	0	0	0	0	0	0	0
284	0.825	0	0	0	0	0	0	0	0	0	0
285	0.825	0.02	0	0	0	0	0	0	0	0	0
286	0.825	0.04	0	0	0	0	0	0	0	0	0
287	0.825	0.06	0	0	0	0	0	0	0	0	0
288	0.825	0.08	0	0	0	0	0	0	0	0	0
289	0.825	0.1	0	0	0	0	0	0	0	0	0
290	0.85	0	0	0	0	0	0	0	0	0	0
291	0.85	0.01	0	0	0	0	0	0	0	0	0
292	0.85	0.02	0	0	0	0	0	0	0	0	0
293	0.85	0.03	0	0	0	0	0	0	0	0	0
294	0.85	0.04	0	0	0	0	0	0	0	0	0
295	0.85	0.05	0	0	0	0	0	0	0	0	0
296	0.85	0.06	0	0	0	0	0	0	0	0	0
297	0.85	0.07	0	0	0	0	0	0	0	0	0
298	0.85	0.08	0	0	0	0	0	0	0	0	0
299	0.85	0.09	0	0	0	0	0	0	0	0	0
300	0.85	0.1	0	0	0	0	0	0	0	0	0
301	0.875	0	0	0	0	0	0	0	0	0	0
302	0.875	0.02	0	0	0	0	0	0	0	0	0
303	0.875	0.04	0	0	0	0	0	0	0	0	0
304	0.875	0.06	0	0	0	0	0	0	0	0	0
305	0.875	0.08	0	0	0	0	0	0	0	0	0
306	0.875	0.1	0	0	0	0	0	0	0	0	0
307	0.9	0	0	0	0	0	0	0	0	0	0
308	0.9	0.01	0	0	0	0	0	0	0	0	0
309	0.9	0.02	0	0	0	0	0	0	0	0	0
310	0.9	0.03	0	0	0	0	0	0	0	0	0
311	0.9	0.04	0	0	0	0	0	0	0	0	0
312	0.9	0.05	0	0	0	0	0	0	0	0	0
313	0.9	0.06	0	0	0	0	0	0	0	0	0
314	0.9	0.07	0	0	0	0	0	0	0	0	0
315	0.9	0.08	0	0	0	0	0	0	0	0	0
316	0.9	0.09	0	0	0	0	0	0	0	0	0
317	0.9	0.1	0	0	0	0	0	0	0	0	0
318	0.925	0	0	0	0	0	0	0	0	0	0
319	0.925	0.02	0	0	0	0	0	0	0	0	0
320	0.925	0.04	0	0	0	0	0	0	0	0	0
321	0.925	0.06	0	0	0	0	0	0	0	0	0
322	0.925	0.08	0	0	0	0	0	0	0	0	0
323	0.925	0.1	0	0	0	0	0	0	0	0	0
324	0.95	0	0	0	0	0	0	0	0	0	0
325	0.95	0.01	0	0	0	0	0	0	0	0	0
326	0.95	0.02	0	0	0	0	0	0	0	0	0
327	0.95	0.03	0	0	0	0	0	0	0	0	0
328	0.95	0.04	0	0	0	0	0	0	0	0	0
329	0.95	0.05	0	0	0	0	0	0	0	0	0
330	0.95	0.06	0	0	0	0	0	0	0	0	0
331	0.95	0.07	0	0	0	0	0	0	0	0	0
332	0.95	0.08	0	0	0	0	0	0	0	0	0
333	0.95	0.09	0	0	0	0	0	0	0	0	0
334	0.95	0.1	0	0	0	0	0	0	0	0	0
335	0.975	0	0	0	0	0	0	0	0	0	0
336	0.975	0.02	0	0	0	0	0	0	0	0	0
337	0.975	0.04	0	0	0	0	0	0	0	0	0
338	0.975	0.06	0	0	0	0	0	0	0	0	0
339	0.975	0.08	0	0	0	0	0	0	0	0	0
340	0.975	0.1	0	0	0	0	0	0	0	0	0
341	1	0	0	0	0	0	0	0	0	0	0
342	1	0.01	0	0	0	0	0	0	0	0	0
343	1	0.02	0	0	0	0	0	0	0	0	0
344	1	0.03	0	0	0	0	0	0	0	0	0
345	1	0.04	0	0	0	0	0	0	0	0	0
346	1	0.05	0	0	0	0	0	0	0	0	0
347	1	0.06	0	0	0	0	0	0	0	0	0
348	1	0.07	0	0	0	0	0	0	0	0	0
349	1	0.08	0	0	0	0	0	0	0	0	0
350	1	0.09	0	0	0	0	0	0	0	0	0
351	1	0.1	0	0	0	0	0	0	0	0	0	
NODE END
*************************************************************************************************************