*************************************************************************************************************
Input file

*************************************************************************************************************
NodePerElem, DOFPerNodeM, DOFPerSmtLayE，DOFPerMEELay
-------------------------------------------------------------------------------------------------------------
ELEMENTINFO START
8	5	1
ELEMENTINFO END

*************************************************************************************************************
Shell Type: 1: PLATE, 2: CYLINDER, 3: SPHERE
Theory: 1: RVK5, 2: MRT5, 3: LRT5
-------------------------------------------------------------------------------------------------------------
SHELL-THEORY START
PLATE
LRT5
MFC
SHELL-THEORY END
*************************************************************************************************************
Layer Index,
1   2      3      4       5      6          7        8     9      10    11     12     13     14    15       16            17         18           19         20               21          22            23          24        25
    E1,  E2,  v12,  v23,   G12, G13,  G23  ,d31,  d32 , Angel, HE, q31 ,    q32 ,     g33 ,    k33 ,   r33  ,     A1   ,      A2   ,   PyroE,      PyroM   ,   Density  ,  zC1,    zC2,   IsSmtLay																				
-------------------------------------------------------------------------------------------------------------
MATERIAL START
1	1.35E+11	1.35E+11	3.47E-01	0.00E+00	5.00E+10	5.40E+10	5.40E+10	-1.09E-11	-1.09E-11	0.00E+00	5.00E-02	3.50E+02	3.50E+02	6.30E-09	2.60E-09	9.00E-05	1.23E-05	1.23E-05	-7.80E-07	-2.30E-04	1.00E+00	5.55E+03	-5.00E-02	0.00E+00	2
2	1.35E+11	1.35E+11	3.47E-01	0.00E+00	5.00E+10	5.40E+10	5.40E+10	-1.09E-11	-1.09E-11	0.00E+00	5.00E-02	3.50E+02	3.50E+02	6.30E-09	2.60E-09	9.00E-05	1.23E-05	1.23E-05	-7.80E-07	-2.30E-04	1.00E+00	5.55E+03	0.00E+00	5.00E-02	2
MATERIAL END
*************************************************************************************************************
Element order, 8 nodes, 2 layers
-------------------------------------------------------------------------------------------------------------
ELEMENT START
1	33	35	3	22	34	23	2	1	1	0	0	0	0	0	0	0	0	0	0	0	0	0	0	0	0	0	0
3	35	37	5	23	36	24	4	1	1	0	0	0	0	0	0	0	0	0	0	0	0	0	0	0	0	0	0
5	37	39	7	24	38	25	6	1	1	0	0	0	0	0	0	0	0	0	0	0	0	0	0	0	0	0	0
7	39	41	9	25	40	26	8	1	1	0	0	0	0	0	0	0	0	0	0	0	0	0	0	0	0	0	0
9	41	43	11	26	42	27	10	1	1	0	0	0	0	0	0	0	0	0	0	0	0	0	0	0	0	0	0
11	43	45	13	27	44	28	12	1	1	0	0	0	0	0	0	0	0	0	0	0	0	0	0	0	0	0	0
13	45	47	15	28	46	29	14	1	1	0	0	0	0	0	0	0	0	0	0	0	0	0	0	0	0	0	0
15	47	49	17	29	48	30	16	1	1	0	0	0	0	0	0	0	0	0	0	0	0	0	0	0	0	0	0
17	49	51	19	30	50	31	18	1	1	0	0	0	0	0	0	0	0	0	0	0	0	0	0	0	0	0	0
19	51	53	21	31	52	32	20	1	1	0	0	0	0	0	0	0	0	0	0	0	0	0	0	0	0	0	0
33	65	67	35	54	66	55	34	1	1	0	0	0	0	0	0	0	0	0	0	0	0	0	0	0	0	0	0
35	67	69	37	55	68	56	36	1	1	0	0	0	0	0	0	0	0	0	0	0	0	0	0	0	0	0	0
37	69	71	39	56	70	57	38	1	1	0	0	0	0	0	0	0	0	0	0	0	0	0	0	0	0	0	0
39	71	73	41	57	72	58	40	1	1	0	0	0	0	0	0	0	0	0	0	0	0	0	0	0	0	0	0
41	73	75	43	58	74	59	42	1	1	0	0	0	0	0	0	0	0	0	0	0	0	0	0	0	0	0	0
43	75	77	45	59	76	60	44	1	1	0	0	0	0	0	0	0	0	0	0	0	0	0	0	0	0	0	0
45	77	79	47	60	78	61	46	1	1	0	0	0	0	0	0	0	0	0	0	0	0	0	0	0	0	0	0
47	79	81	49	61	80	62	48	1	1	0	0	0	0	0	0	0	0	0	0	0	0	0	0	0	0	0	0
49	81	83	51	62	82	63	50	1	1	0	0	0	0	0	0	0	0	0	0	0	0	0	0	0	0	0	0
51	83	85	53	63	84	64	52	1	1	0	0	0	0	0	0	0	0	0	0	0	0	0	0	0	0	0	0
65	97	99	67	86	98	87	66	1	1	0	0	0	0	0	0	0	0	0	0	0	0	0	0	0	0	0	0
67	99	101	69	87	100	88	68	1	1	0	0	0	0	0	0	0	0	0	0	0	0	0	0	0	0	0	0
69	101	103	71	88	102	89	70	1	1	0	0	0	0	0	0	0	0	0	0	0	0	0	0	0	0	0	0
71	103	105	73	89	104	90	72	1	1	0	0	0	0	0	0	0	0	0	0	0	0	0	0	0	0	0	0
73	105	107	75	90	106	91	74	1	1	0	0	0	0	0	0	0	0	0	0	0	0	0	0	0	0	0	0
75	107	109	77	91	108	92	76	1	1	0	0	0	0	0	0	0	0	0	0	0	0	0	0	0	0	0	0
77	109	111	79	92	110	93	78	1	1	0	0	0	0	0	0	0	0	0	0	0	0	0	0	0	0	0	0
79	111	113	81	93	112	94	80	1	1	0	0	0	0	0	0	0	0	0	0	0	0	0	0	0	0	0	0
81	113	115	83	94	114	95	82	1	1	0	0	0	0	0	0	0	0	0	0	0	0	0	0	0	0	0	0
83	115	117	85	95	116	96	84	1	1	0	0	0	0	0	0	0	0	0	0	0	0	0	0	0	0	0	0
97	129	131	99	118	130	119	98	1	1	0	0	0	0	0	0	0	0	0	0	0	0	0	0	0	0	0	0
99	131	133	101	119	132	120	100	1	1	0	0	0	0	0	0	0	0	0	0	0	0	0	0	0	0	0	0
101	133	135	103	120	134	121	102	1	1	0	0	0	0	0	0	0	0	0	0	0	0	0	0	0	0	0	0
103	135	137	105	121	136	122	104	1	1	0	0	0	0	0	0	0	0	0	0	0	0	0	0	0	0	0	0
105	137	139	107	122	138	123	106	1	1	0	0	0	0	0	0	0	0	0	0	0	0	0	0	0	0	0	0
107	139	141	109	123	140	124	108	1	1	0	0	0	0	0	0	0	0	0	0	0	0	0	0	0	0	0	0
109	141	143	111	124	142	125	110	1	1	0	0	0	0	0	0	0	0	0	0	0	0	0	0	0	0	0	0
111	143	145	113	125	144	126	112	1	1	0	0	0	0	0	0	0	0	0	0	0	0	0	0	0	0	0	0
113	145	147	115	126	146	127	114	1	1	0	0	0	0	0	0	0	0	0	0	0	0	0	0	0	0	0	0
115	147	149	117	127	148	128	116	1	1	0	0	0	0	0	0	0	0	0	0	0	0	0	0	0	0	0	0
129	161	163	131	150	162	151	130	1	1	0	0	0	0	0	0	0	0	0	0	0	0	0	0	0	0	0	0
131	163	165	133	151	164	152	132	1	1	0	0	0	0	0	0	0	0	0	0	0	0	0	0	0	0	0	0
133	165	167	135	152	166	153	134	1	1	0	0	0	0	0	0	0	0	0	0	0	0	0	0	0	0	0	0
135	167	169	137	153	168	154	136	1	1	0	0	0	0	0	0	0	0	0	0	0	0	0	0	0	0	0	0
137	169	171	139	154	170	155	138	1	1	0	0	0	0	0	0	0	0	0	0	0	0	0	0	0	0	0	0
139	171	173	141	155	172	156	140	1	1	0	0	0	0	0	0	0	0	0	0	0	0	0	0	0	0	0	0
141	173	175	143	156	174	157	142	1	1	0	0	0	0	0	0	0	0	0	0	0	0	0	0	0	0	0	0
143	175	177	145	157	176	158	144	1	1	0	0	0	0	0	0	0	0	0	0	0	0	0	0	0	0	0	0
145	177	179	147	158	178	159	146	1	1	0	0	0	0	0	0	0	0	0	0	0	0	0	0	0	0	0	0
147	179	181	149	159	180	160	148	1	1	0	0	0	0	0	0	0	0	0	0	0	0	0	0	0	0	0	0
161	193	195	163	182	194	183	162	1	1	0	0	0	0	0	0	0	0	0	0	0	0	0	0	0	0	0	0
163	195	197	165	183	196	184	164	1	1	0	0	0	0	0	0	0	0	0	0	0	0	0	0	0	0	0	0
165	197	199	167	184	198	185	166	1	1	0	0	0	0	0	0	0	0	0	0	0	0	0	0	0	0	0	0
167	199	201	169	185	200	186	168	1	1	0	0	0	0	0	0	0	0	0	0	0	0	0	0	0	0	0	0
169	201	203	171	186	202	187	170	1	1	0	0	0	0	0	0	0	0	0	0	0	0	0	0	0	0	0	0
171	203	205	173	187	204	188	172	1	1	0	0	0	0	0	0	0	0	0	0	0	0	0	0	0	0	0	0
173	205	207	175	188	206	189	174	1	1	0	0	0	0	0	0	0	0	0	0	0	0	0	0	0	0	0	0
175	207	209	177	189	208	190	176	1	1	0	0	0	0	0	0	0	0	0	0	0	0	0	0	0	0	0	0
177	209	211	179	190	210	191	178	1	1	0	0	0	0	0	0	0	0	0	0	0	0	0	0	0	0	0	0
179	211	213	181	191	212	192	180	1	1	0	0	0	0	0	0	0	0	0	0	0	0	0	0	0	0	0	0
193	225	227	195	214	226	215	194	1	1	0	0	0	0	0	0	0	0	0	0	0	0	0	0	0	0	0	0
195	227	229	197	215	228	216	196	1	1	0	0	0	0	0	0	0	0	0	0	0	0	0	0	0	0	0	0
197	229	231	199	216	230	217	198	1	1	0	0	0	0	0	0	0	0	0	0	0	0	0	0	0	0	0	0
199	231	233	201	217	232	218	200	1	1	0	0	0	0	0	0	0	0	0	0	0	0	0	0	0	0	0	0
201	233	235	203	218	234	219	202	1	1	0	0	0	0	0	0	0	0	0	0	0	0	0	0	0	0	0	0
203	235	237	205	219	236	220	204	1	1	0	0	0	0	0	0	0	0	0	0	0	0	0	0	0	0	0	0
205	237	239	207	220	238	221	206	1	1	0	0	0	0	0	0	0	0	0	0	0	0	0	0	0	0	0	0
207	239	241	209	221	240	222	208	1	1	0	0	0	0	0	0	0	0	0	0	0	0	0	0	0	0	0	0
209	241	243	211	222	242	223	210	1	1	0	0	0	0	0	0	0	0	0	0	0	0	0	0	0	0	0	0
211	243	245	213	223	244	224	212	1	1	0	0	0	0	0	0	0	0	0	0	0	0	0	0	0	0	0	0
225	257	259	227	246	258	247	226	1	1	0	0	0	0	0	0	0	0	0	0	0	0	0	0	0	0	0	0
227	259	261	229	247	260	248	228	1	1	0	0	0	0	0	0	0	0	0	0	0	0	0	0	0	0	0	0
229	261	263	231	248	262	249	230	1	1	0	0	0	0	0	0	0	0	0	0	0	0	0	0	0	0	0	0
231	263	265	233	249	264	250	232	1	1	0	0	0	0	0	0	0	0	0	0	0	0	0	0	0	0	0	0
233	265	267	235	250	266	251	234	1	1	0	0	0	0	0	0	0	0	0	0	0	0	0	0	0	0	0	0
235	267	269	237	251	268	252	236	1	1	0	0	0	0	0	0	0	0	0	0	0	0	0	0	0	0	0	0
237	269	271	239	252	270	253	238	1	1	0	0	0	0	0	0	0	0	0	0	0	0	0	0	0	0	0	0
239	271	273	241	253	272	254	240	1	1	0	0	0	0	0	0	0	0	0	0	0	0	0	0	0	0	0	0
241	273	275	243	254	274	255	242	1	1	0	0	0	0	0	0	0	0	0	0	0	0	0	0	0	0	0	0
243	275	277	245	255	276	256	244	1	1	0	0	0	0	0	0	0	0	0	0	0	0	0	0	0	0	0	0
257	289	291	259	278	290	279	258	1	1	0	0	0	0	0	0	0	0	0	0	0	0	0	0	0	0	0	0
259	291	293	261	279	292	280	260	1	1	0	0	0	0	0	0	0	0	0	0	0	0	0	0	0	0	0	0
261	293	295	263	280	294	281	262	1	1	0	0	0	0	0	0	0	0	0	0	0	0	0	0	0	0	0	0
263	295	297	265	281	296	282	264	1	1	0	0	0	0	0	0	0	0	0	0	0	0	0	0	0	0	0	0
265	297	299	267	282	298	283	266	1	1	0	0	0	0	0	0	0	0	0	0	0	0	0	0	0	0	0	0
267	299	301	269	283	300	284	268	1	1	0	0	0	0	0	0	0	0	0	0	0	0	0	0	0	0	0	0
269	301	303	271	284	302	285	270	1	1	0	0	0	0	0	0	0	0	0	0	0	0	0	0	0	0	0	0
271	303	305	273	285	304	286	272	1	1	0	0	0	0	0	0	0	0	0	0	0	0	0	0	0	0	0	0
273	305	307	275	286	306	287	274	1	1	0	0	0	0	0	0	0	0	0	0	0	0	0	0	0	0	0	0
275	307	309	277	287	308	288	276	1	1	0	0	0	0	0	0	0	0	0	0	0	0	0	0	0	0	0	0
289	321	323	291	310	322	311	290	1	1	0	0	0	0	0	0	0	0	0	0	0	0	0	0	0	0	0	0
291	323	325	293	311	324	312	292	1	1	0	0	0	0	0	0	0	0	0	0	0	0	0	0	0	0	0	0
293	325	327	295	312	326	313	294	1	1	0	0	0	0	0	0	0	0	0	0	0	0	0	0	0	0	0	0
295	327	329	297	313	328	314	296	1	1	0	0	0	0	0	0	0	0	0	0	0	0	0	0	0	0	0	0
297	329	331	299	314	330	315	298	1	1	0	0	0	0	0	0	0	0	0	0	0	0	0	0	0	0	0	0
299	331	333	301	315	332	316	300	1	1	0	0	0	0	0	0	0	0	0	0	0	0	0	0	0	0	0	0
301	333	335	303	316	334	317	302	1	1	0	0	0	0	0	0	0	0	0	0	0	0	0	0	0	0	0	0
303	335	337	305	317	336	318	304	1	1	0	0	0	0	0	0	0	0	0	0	0	0	0	0	0	0	0	0
305	337	339	307	318	338	319	306	1	1	0	0	0	0	0	0	0	0	0	0	0	0	0	0	0	0	0	0
307	339	341	309	319	340	320	308	1	1	0	0	0	0	0	0	0	0	0	0	0	0	0	0	0	0	0	0
ELEMENT END
*************************************************************************************************************
Node index, xG=xC,   yG=yC,     zG, Mechanical Dofs (6), Electrical Dofs (1),MEE Dofs (1)
-------------------------------------------------------------------------------------------------------------
NODE START
1	0	0	0	1	1	1	1	1	0	0	0
2	0	0.005	0	1	1	1	1	1	0	0	0
3	0	0.01	0	1	1	1	1	1	0	0	0
4	0	0.015	0	1	1	1	1	1	0	0	0
5	0	0.02	0	1	1	1	1	1	0	0	0
6	0	0.025	0	1	1	1	1	1	0	0	0
7	0	0.03	0	1	1	1	1	1	0	0	0
8	0	0.035	0	1	1	1	1	1	0	0	0
9	0	0.04	0	1	1	1	1	1	0	0	0
10	0	0.045	0	1	1	1	1	1	0	0	0
11	0	0.05	0	1	1	1	1	1	0	0	0
12	0	0.055	0	1	1	1	1	1	0	0	0
13	0	0.06	0	1	1	1	1	1	0	0	0
14	0	0.065	0	1	1	1	1	1	0	0	0
15	0	0.07	0	1	1	1	1	1	0	0	0
16	0	0.075	0	1	1	1	1	1	0	0	0
17	0	0.08	0	1	1	1	1	1	0	0	0
18	0	0.085	0	1	1	1	1	1	0	0	0
19	0	0.09	0	1	1	1	1	1	0	0	0
20	0	0.095	0	1	1	1	1	1	0	0	0
21	0	0.1	0	1	1	1	1	1	0	0	0
22	0.05	0	0	0	0	0	0	0	0	0	0
23	0.05	0.01	0	0	0	0	0	0	0	0	0
24	0.05	0.02	0	0	0	0	0	0	0	0	0
25	0.05	0.03	0	0	0	0	0	0	0	0	0
26	0.05	0.04	0	0	0	0	0	0	0	0	0
27	0.05	0.05	0	0	0	0	0	0	0	0	0
28	0.05	0.06	0	0	0	0	0	0	0	0	0
29	0.05	0.07	0	0	0	0	0	0	0	0	0
30	0.05	0.08	0	0	0	0	0	0	0	0	0
31	0.05	0.09	0	0	0	0	0	0	0	0	0
32	0.05	0.1	0	0	0	0	0	0	0	0	0
33	0.1	0	0	0	0	0	0	0	0	0	0
34	0.1	0.005	0	0	0	0	0	0	0	0	0
35	0.1	0.01	0	0	0	0	0	0	0	0	0
36	0.1	0.015	0	0	0	0	0	0	0	0	0
37	0.1	0.02	0	0	0	0	0	0	0	0	0
38	0.1	0.025	0	0	0	0	0	0	0	0	0
39	0.1	0.03	0	0	0	0	0	0	0	0	0
40	0.1	0.035	0	0	0	0	0	0	0	0	0
41	0.1	0.04	0	0	0	0	0	0	0	0	0
42	0.1	0.045	0	0	0	0	0	0	0	0	0
43	0.1	0.05	0	0	0	0	0	0	0	0	0
44	0.1	0.055	0	0	0	0	0	0	0	0	0
45	0.1	0.06	0	0	0	0	0	0	0	0	0
46	0.1	0.065	0	0	0	0	0	0	0	0	0
47	0.1	0.07	0	0	0	0	0	0	0	0	0
48	0.1	0.075	0	0	0	0	0	0	0	0	0
49	0.1	0.08	0	0	0	0	0	0	0	0	0
50	0.1	0.085	0	0	0	0	0	0	0	0	0
51	0.1	0.09	0	0	0	0	0	0	0	0	0
52	0.1	0.095	0	0	0	0	0	0	0	0	0
53	0.1	0.1	0	0	0	0	0	0	0	0	0
54	0.15	0	0	0	0	0	0	0	0	0	0
55	0.15	0.01	0	0	0	0	0	0	0	0	0
56	0.15	0.02	0	0	0	0	0	0	0	0	0
57	0.15	0.03	0	0	0	0	0	0	0	0	0
58	0.15	0.04	0	0	0	0	0	0	0	0	0
59	0.15	0.05	0	0	0	0	0	0	0	0	0
60	0.15	0.06	0	0	0	0	0	0	0	0	0
61	0.15	0.07	0	0	0	0	0	0	0	0	0
62	0.15	0.08	0	0	0	0	0	0	0	0	0
63	0.15	0.09	0	0	0	0	0	0	0	0	0
64	0.15	0.1	0	0	0	0	0	0	0	0	0
65	0.2	0	0	0	0	0	0	0	0	0	0
66	0.2	0.005	0	0	0	0	0	0	0	0	0
67	0.2	0.01	0	0	0	0	0	0	0	0	0
68	0.2	0.015	0	0	0	0	0	0	0	0	0
69	0.2	0.02	0	0	0	0	0	0	0	0	0
70	0.2	0.025	0	0	0	0	0	0	0	0	0
71	0.2	0.03	0	0	0	0	0	0	0	0	0
72	0.2	0.035	0	0	0	0	0	0	0	0	0
73	0.2	0.04	0	0	0	0	0	0	0	0	0
74	0.2	0.045	0	0	0	0	0	0	0	0	0
75	0.2	0.05	0	0	0	0	0	0	0	0	0
76	0.2	0.055	0	0	0	0	0	0	0	0	0
77	0.2	0.06	0	0	0	0	0	0	0	0	0
78	0.2	0.065	0	0	0	0	0	0	0	0	0
79	0.2	0.07	0	0	0	0	0	0	0	0	0
80	0.2	0.075	0	0	0	0	0	0	0	0	0
81	0.2	0.08	0	0	0	0	0	0	0	0	0
82	0.2	0.085	0	0	0	0	0	0	0	0	0
83	0.2	0.09	0	0	0	0	0	0	0	0	0
84	0.2	0.095	0	0	0	0	0	0	0	0	0
85	0.2	0.1	0	0	0	0	0	0	0	0	0
86	0.25	0	0	0	0	0	0	0	0	0	0
87	0.25	0.01	0	0	0	0	0	0	0	0	0
88	0.25	0.02	0	0	0	0	0	0	0	0	0
89	0.25	0.03	0	0	0	0	0	0	0	0	0
90	0.25	0.04	0	0	0	0	0	0	0	0	0
91	0.25	0.05	0	0	0	0	0	0	0	0	0
92	0.25	0.06	0	0	0	0	0	0	0	0	0
93	0.25	0.07	0	0	0	0	0	0	0	0	0
94	0.25	0.08	0	0	0	0	0	0	0	0	0
95	0.25	0.09	0	0	0	0	0	0	0	0	0
96	0.25	0.1	0	0	0	0	0	0	0	0	0
97	0.3	0	0	0	0	0	0	0	0	0	0
98	0.3	0.005	0	0	0	0	0	0	0	0	0
99	0.3	0.01	0	0	0	0	0	0	0	0	0
100	0.3	0.015	0	0	0	0	0	0	0	0	0
101	0.3	0.02	0	0	0	0	0	0	0	0	0
102	0.3	0.025	0	0	0	0	0	0	0	0	0
103	0.3	0.03	0	0	0	0	0	0	0	0	0
104	0.3	0.035	0	0	0	0	0	0	0	0	0
105	0.3	0.04	0	0	0	0	0	0	0	0	0
106	0.3	0.045	0	0	0	0	0	0	0	0	0
107	0.3	0.05	0	0	0	0	0	0	0	0	0
108	0.3	0.055	0	0	0	0	0	0	0	0	0
109	0.3	0.06	0	0	0	0	0	0	0	0	0
110	0.3	0.065	0	0	0	0	0	0	0	0	0
111	0.3	0.07	0	0	0	0	0	0	0	0	0
112	0.3	0.075	0	0	0	0	0	0	0	0	0
113	0.3	0.08	0	0	0	0	0	0	0	0	0
114	0.3	0.085	0	0	0	0	0	0	0	0	0
115	0.3	0.09	0	0	0	0	0	0	0	0	0
116	0.3	0.095	0	0	0	0	0	0	0	0	0
117	0.3	0.1	0	0	0	0	0	0	0	0	0
118	0.35	0	0	0	0	0	0	0	0	0	0
119	0.35	0.01	0	0	0	0	0	0	0	0	0
120	0.35	0.02	0	0	0	0	0	0	0	0	0
121	0.35	0.03	0	0	0	0	0	0	0	0	0
122	0.35	0.04	0	0	0	0	0	0	0	0	0
123	0.35	0.05	0	0	0	0	0	0	0	0	0
124	0.35	0.06	0	0	0	0	0	0	0	0	0
125	0.35	0.07	0	0	0	0	0	0	0	0	0
126	0.35	0.08	0	0	0	0	0	0	0	0	0
127	0.35	0.09	0	0	0	0	0	0	0	0	0
128	0.35	0.1	0	0	0	0	0	0	0	0	0
129	0.4	0	0	0	0	0	0	0	0	0	0
130	0.4	0.005	0	0	0	0	0	0	0	0	0
131	0.4	0.01	0	0	0	0	0	0	0	0	0
132	0.4	0.015	0	0	0	0	0	0	0	0	0
133	0.4	0.02	0	0	0	0	0	0	0	0	0
134	0.4	0.025	0	0	0	0	0	0	0	0	0
135	0.4	0.03	0	0	0	0	0	0	0	0	0
136	0.4	0.035	0	0	0	0	0	0	0	0	0
137	0.4	0.04	0	0	0	0	0	0	0	0	0
138	0.4	0.045	0	0	0	0	0	0	0	0	0
139	0.4	0.05	0	0	0	0	0	0	0	0	0
140	0.4	0.055	0	0	0	0	0	0	0	0	0
141	0.4	0.06	0	0	0	0	0	0	0	0	0
142	0.4	0.065	0	0	0	0	0	0	0	0	0
143	0.4	0.07	0	0	0	0	0	0	0	0	0
144	0.4	0.075	0	0	0	0	0	0	0	0	0
145	0.4	0.08	0	0	0	0	0	0	0	0	0
146	0.4	0.085	0	0	0	0	0	0	0	0	0
147	0.4	0.09	0	0	0	0	0	0	0	0	0
148	0.4	0.095	0	0	0	0	0	0	0	0	0
149	0.4	0.1	0	0	0	0	0	0	0	0	0
150	0.45	0	0	0	0	0	0	0	0	0	0
151	0.45	0.01	0	0	0	0	0	0	0	0	0
152	0.45	0.02	0	0	0	0	0	0	0	0	0
153	0.45	0.03	0	0	0	0	0	0	0	0	0
154	0.45	0.04	0	0	0	0	0	0	0	0	0
155	0.45	0.05	0	0	0	0	0	0	0	0	0
156	0.45	0.06	0	0	0	0	0	0	0	0	0
157	0.45	0.07	0	0	0	0	0	0	0	0	0
158	0.45	0.08	0	0	0	0	0	0	0	0	0
159	0.45	0.09	0	0	0	0	0	0	0	0	0
160	0.45	0.1	0	0	0	0	0	0	0	0	0
161	0.5	0	0	0	0	0	0	0	0	0	0
162	0.5	0.005	0	0	0	0	0	0	0	0	0
163	0.5	0.01	0	0	0	0	0	0	0	0	0
164	0.5	0.015	0	0	0	0	0	0	0	0	0
165	0.5	0.02	0	0	0	0	0	0	0	0	0
166	0.5	0.025	0	0	0	0	0	0	0	0	0
167	0.5	0.03	0	0	0	0	0	0	0	0	0
168	0.5	0.035	0	0	0	0	0	0	0	0	0
169	0.5	0.04	0	0	0	0	0	0	0	0	0
170	0.5	0.045	0	0	0	0	0	0	0	0	0
171	0.5	0.05	0	0	0	0	0	0	0	0	0
172	0.5	0.055	0	0	0	0	0	0	0	0	0
173	0.5	0.06	0	0	0	0	0	0	0	0	0
174	0.5	0.065	0	0	0	0	0	0	0	0	0
175	0.5	0.07	0	0	0	0	0	0	0	0	0
176	0.5	0.075	0	0	0	0	0	0	0	0	0
177	0.5	0.08	0	0	0	0	0	0	0	0	0
178	0.5	0.085	0	0	0	0	0	0	0	0	0
179	0.5	0.09	0	0	0	0	0	0	0	0	0
180	0.5	0.095	0	0	0	0	0	0	0	0	0
181	0.5	0.1	0	0	0	0	0	0	0	0	0
182	0.55	0	0	0	0	0	0	0	0	0	0
183	0.55	0.01	0	0	0	0	0	0	0	0	0
184	0.55	0.02	0	0	0	0	0	0	0	0	0
185	0.55	0.03	0	0	0	0	0	0	0	0	0
186	0.55	0.04	0	0	0	0	0	0	0	0	0
187	0.55	0.05	0	0	0	0	0	0	0	0	0
188	0.55	0.06	0	0	0	0	0	0	0	0	0
189	0.55	0.07	0	0	0	0	0	0	0	0	0
190	0.55	0.08	0	0	0	0	0	0	0	0	0
191	0.55	0.09	0	0	0	0	0	0	0	0	0
192	0.55	0.1	0	0	0	0	0	0	0	0	0
193	0.6	0	0	0	0	0	0	0	0	0	0
194	0.6	0.005	0	0	0	0	0	0	0	0	0
195	0.6	0.01	0	0	0	0	0	0	0	0	0
196	0.6	0.015	0	0	0	0	0	0	0	0	0
197	0.6	0.02	0	0	0	0	0	0	0	0	0
198	0.6	0.025	0	0	0	0	0	0	0	0	0
199	0.6	0.03	0	0	0	0	0	0	0	0	0
200	0.6	0.035	0	0	0	0	0	0	0	0	0
201	0.6	0.04	0	0	0	0	0	0	0	0	0
202	0.6	0.045	0	0	0	0	0	0	0	0	0
203	0.6	0.05	0	0	0	0	0	0	0	0	0
204	0.6	0.055	0	0	0	0	0	0	0	0	0
205	0.6	0.06	0	0	0	0	0	0	0	0	0
206	0.6	0.065	0	0	0	0	0	0	0	0	0
207	0.6	0.07	0	0	0	0	0	0	0	0	0
208	0.6	0.075	0	0	0	0	0	0	0	0	0
209	0.6	0.08	0	0	0	0	0	0	0	0	0
210	0.6	0.085	0	0	0	0	0	0	0	0	0
211	0.6	0.09	0	0	0	0	0	0	0	0	0
212	0.6	0.095	0	0	0	0	0	0	0	0	0
213	0.6	0.1	0	0	0	0	0	0	0	0	0
214	0.65	0	0	0	0	0	0	0	0	0	0
215	0.65	0.01	0	0	0	0	0	0	0	0	0
216	0.65	0.02	0	0	0	0	0	0	0	0	0
217	0.65	0.03	0	0	0	0	0	0	0	0	0
218	0.65	0.04	0	0	0	0	0	0	0	0	0
219	0.65	0.05	0	0	0	0	0	0	0	0	0
220	0.65	0.06	0	0	0	0	0	0	0	0	0
221	0.65	0.07	0	0	0	0	0	0	0	0	0
222	0.65	0.08	0	0	0	0	0	0	0	0	0
223	0.65	0.09	0	0	0	0	0	0	0	0	0
224	0.65	0.1	0	0	0	0	0	0	0	0	0
225	0.7	0	0	0	0	0	0	0	0	0	0
226	0.7	0.005	0	0	0	0	0	0	0	0	0
227	0.7	0.01	0	0	0	0	0	0	0	0	0
228	0.7	0.015	0	0	0	0	0	0	0	0	0
229	0.7	0.02	0	0	0	0	0	0	0	0	0
230	0.7	0.025	0	0	0	0	0	0	0	0	0
231	0.7	0.03	0	0	0	0	0	0	0	0	0
232	0.7	0.035	0	0	0	0	0	0	0	0	0
233	0.7	0.04	0	0	0	0	0	0	0	0	0
234	0.7	0.045	0	0	0	0	0	0	0	0	0
235	0.7	0.05	0	0	0	0	0	0	0	0	0
236	0.7	0.055	0	0	0	0	0	0	0	0	0
237	0.7	0.06	0	0	0	0	0	0	0	0	0
238	0.7	0.065	0	0	0	0	0	0	0	0	0
239	0.7	0.07	0	0	0	0	0	0	0	0	0
240	0.7	0.075	0	0	0	0	0	0	0	0	0
241	0.7	0.08	0	0	0	0	0	0	0	0	0
242	0.7	0.085	0	0	0	0	0	0	0	0	0
243	0.7	0.09	0	0	0	0	0	0	0	0	0
244	0.7	0.095	0	0	0	0	0	0	0	0	0
245	0.7	0.1	0	0	0	0	0	0	0	0	0
246	0.75	0	0	0	0	0	0	0	0	0	0
247	0.75	0.01	0	0	0	0	0	0	0	0	0
248	0.75	0.02	0	0	0	0	0	0	0	0	0
249	0.75	0.03	0	0	0	0	0	0	0	0	0
250	0.75	0.04	0	0	0	0	0	0	0	0	0
251	0.75	0.05	0	0	0	0	0	0	0	0	0
252	0.75	0.06	0	0	0	0	0	0	0	0	0
253	0.75	0.07	0	0	0	0	0	0	0	0	0
254	0.75	0.08	0	0	0	0	0	0	0	0	0
255	0.75	0.09	0	0	0	0	0	0	0	0	0
256	0.75	0.1	0	0	0	0	0	0	0	0	0
257	0.8	0	0	0	0	0	0	0	0	0	0
258	0.8	0.005	0	0	0	0	0	0	0	0	0
259	0.8	0.01	0	0	0	0	0	0	0	0	0
260	0.8	0.015	0	0	0	0	0	0	0	0	0
261	0.8	0.02	0	0	0	0	0	0	0	0	0
262	0.8	0.025	0	0	0	0	0	0	0	0	0
263	0.8	0.03	0	0	0	0	0	0	0	0	0
264	0.8	0.035	0	0	0	0	0	0	0	0	0
265	0.8	0.04	0	0	0	0	0	0	0	0	0
266	0.8	0.045	0	0	0	0	0	0	0	0	0
267	0.8	0.05	0	0	0	0	0	0	0	0	0
268	0.8	0.055	0	0	0	0	0	0	0	0	0
269	0.8	0.06	0	0	0	0	0	0	0	0	0
270	0.8	0.065	0	0	0	0	0	0	0	0	0
271	0.8	0.07	0	0	0	0	0	0	0	0	0
272	0.8	0.075	0	0	0	0	0	0	0	0	0
273	0.8	0.08	0	0	0	0	0	0	0	0	0
274	0.8	0.085	0	0	0	0	0	0	0	0	0
275	0.8	0.09	0	0	0	0	0	0	0	0	0
276	0.8	0.095	0	0	0	0	0	0	0	0	0
277	0.8	0.1	0	0	0	0	0	0	0	0	0
278	0.85	0	0	0	0	0	0	0	0	0	0
279	0.85	0.01	0	0	0	0	0	0	0	0	0
280	0.85	0.02	0	0	0	0	0	0	0	0	0
281	0.85	0.03	0	0	0	0	0	0	0	0	0
282	0.85	0.04	0	0	0	0	0	0	0	0	0
283	0.85	0.05	0	0	0	0	0	0	0	0	0
284	0.85	0.06	0	0	0	0	0	0	0	0	0
285	0.85	0.07	0	0	0	0	0	0	0	0	0
286	0.85	0.08	0	0	0	0	0	0	0	0	0
287	0.85	0.09	0	0	0	0	0	0	0	0	0
288	0.85	0.1	0	0	0	0	0	0	0	0	0
289	0.9	0	0	0	0	0	0	0	0	0	0
290	0.9	0.005	0	0	0	0	0	0	0	0	0
291	0.9	0.01	0	0	0	0	0	0	0	0	0
292	0.9	0.015	0	0	0	0	0	0	0	0	0
293	0.9	0.02	0	0	0	0	0	0	0	0	0
294	0.9	0.025	0	0	0	0	0	0	0	0	0
295	0.9	0.03	0	0	0	0	0	0	0	0	0
296	0.9	0.035	0	0	0	0	0	0	0	0	0
297	0.9	0.04	0	0	0	0	0	0	0	0	0
298	0.9	0.045	0	0	0	0	0	0	0	0	0
299	0.9	0.05	0	0	0	0	0	0	0	0	0
300	0.9	0.055	0	0	0	0	0	0	0	0	0
301	0.9	0.06	0	0	0	0	0	0	0	0	0
302	0.9	0.065	0	0	0	0	0	0	0	0	0
303	0.9	0.07	0	0	0	0	0	0	0	0	0
304	0.9	0.075	0	0	0	0	0	0	0	0	0
305	0.9	0.08	0	0	0	0	0	0	0	0	0
306	0.9	0.085	0	0	0	0	0	0	0	0	0
307	0.9	0.09	0	0	0	0	0	0	0	0	0
308	0.9	0.095	0	0	0	0	0	0	0	0	0
309	0.9	0.1	0	0	0	0	0	0	0	0	0
310	0.95	0	0	0	0	0	0	0	0	0	0
311	0.95	0.01	0	0	0	0	0	0	0	0	0
312	0.95	0.02	0	0	0	0	0	0	0	0	0
313	0.95	0.03	0	0	0	0	0	0	0	0	0
314	0.95	0.04	0	0	0	0	0	0	0	0	0
315	0.95	0.05	0	0	0	0	0	0	0	0	0
316	0.95	0.06	0	0	0	0	0	0	0	0	0
317	0.95	0.07	0	0	0	0	0	0	0	0	0
318	0.95	0.08	0	0	0	0	0	0	0	0	0
319	0.95	0.09	0	0	0	0	0	0	0	0	0
320	0.95	0.1	0	0	0	0	0	0	0	0	0
321	1	0	0	0	0	0	0	0	0	0	0
322	1	0.005	0	0	0	0	0	0	0	0	0
323	1	0.01	0	0	0	0	0	0	0	0	0
324	1	0.015	0	0	0	0	0	0	0	0	0
325	1	0.02	0	0	0	0	0	0	0	0	0
326	1	0.025	0	0	0	0	0	0	0	0	0
327	1	0.03	0	0	0	0	0	0	0	0	0
328	1	0.035	0	0	0	0	0	0	0	0	0
329	1	0.04	0	0	0	0	0	0	0	0	0
330	1	0.045	0	0	0	0	0	0	0	0	0
331	1	0.05	0	0	0	0	0	0	0	0	0
332	1	0.055	0	0	0	0	0	0	0	0	0
333	1	0.06	0	0	0	0	0	0	0	0	0
334	1	0.065	0	0	0	0	0	0	0	0	0
335	1	0.07	0	0	0	0	0	0	0	0	0
336	1	0.075	0	0	0	0	0	0	0	0	0
337	1	0.08	0	0	0	0	0	0	0	0	0
338	1	0.085	0	0	0	0	0	0	0	0	0
339	1	0.09	0	0	0	0	0	0	0	0	0
340	1	0.095	0	0	0	0	0	0	0	0	0
341	1	0.1	0	0	0	0	0	0	0	0	0	
NODE END
*************************************************************************************************************